===== fig1 - Storage and Hydrogen flows Area 1 (Nordic) =====
t       Hydrogen injected [kg/h]Hydrogen stored [kg]    Hydrogen Electrolyzer [kg/h]Hydrogen consumed [kg/h]
1       0.0                     8275.86                 1724.13                 0.0                     
2       0.0                     8620.68                 1724.13                 0.0                     
3       0.0                     8965.499                1724.13                 0.0                     
4       0.0                     9310.319                1724.13                 0.0                     
5       0.0                     9655.139                1724.13                 0.0                     
6       0.0                     9999.958                1724.13                 0.0                     
7       0.0                     10344.778               1724.13                 0.0                     
8       0.0                     10689.598               1724.13                 0.0                     
9       0.0                     11034.417               1724.13                 0.0                     
10      0.0                     11379.237               1724.13                 0.0                     
11      0.0                     11724.057               1724.13                 0.0                     
12      1619.486                12068.876               1724.13                 0.0                     
13      1619.586                10614.267               1724.13                 0.0                     
14      1620.181                9159.546                1724.13                 0.0                     
15      1626.255                7704.164                1724.13                 0.0                     
16      0.0                     6242.033                1724.13                 0.0                     
17      0.0                     6586.853                1553.63                 0.0                     
18      0.0                     6761.172                1546.208                0.0                     
19      0.0                     6928.07                 1551.467                0.0                     
20      0.0                     7100.227                1541.731                0.0                     
21      0.0                     7262.647                1540.647                0.0                     
22      0.0                     7423.984                1541.547                0.0                     
23      0.0                     7586.221                1724.13                 0.0                     
24      0.0                     7931.04                 1724.13                 0.0                     

===== fig2 - Storage and Hydrogen flows Area 2 (GB) =====
t       Hydrogen injected [kg/h]Hydrogen stored [kg]    Hydrogen Electrolyzer [kg/h]Hydrogen consumed [kg/h]
1       3103.448                0.0                     17241.379               0.0                     
2       3103.448                0.0                     17241.379               0.0                     
3       3103.448                0.0                     17241.379               0.0                     
4       3103.448                0.0                     17241.379               0.0                     
5       3103.448                0.0                     17241.379               0.0                     
6       3103.448                0.0                     17241.379               0.0                     
7       3103.448                0.0                     17241.379               0.0                     
8       3103.448                0.0                     17241.379               0.0                     
9       3103.448                0.0                     17241.379               0.0                     
10      3103.448                0.0                     17241.379               0.0                     
11      3103.448                0.0                     17241.379               0.0                     
12      3103.448                0.0                     17241.379               0.0                     
13      3103.448                0.0                     17241.379               0.0                     
14      3103.448                0.0                     17241.379               0.0                     
15      3103.448                0.0                     17241.379               0.0                     
16      3103.448                0.0                     17241.379               0.0                     
17      3103.448                0.0                     17241.379               0.0                     
18      3103.448                0.0                     17241.379               0.0                     
19      3103.448                0.0                     17241.379               0.0                     
20      3103.448                0.0                     17241.379               0.0                     
21      3103.448                0.0                     17241.379               0.0                     
22      3103.448                0.0                     17241.379               0.0                     
23      3103.448                0.0                     17241.379               0.0                     
24      3103.448                0.0                     17241.379               0.0                     

===== fig3 - Energy and power flows of the storage Area 1 (Nordic) =====
t       charging power [MW]     discharging power [MW]  Energy stored [MWh]     
1       0.0                     0.0                     290.0                   
2       0.0                     0.0                     290.0                   
3       0.0                     0.0                     290.0                   
4       0.0                     0.0                     290.0                   
5       0.0                     0.0                     290.0                   
6       0.0                     0.0                     290.0                   
7       0.0                     0.0                     290.0                   
8       0.0                     0.0                     290.0                   
9       0.0                     0.0                     290.0                   
10      0.0                     0.0                     290.0                   
11      0.0                     0.0                     290.0                   
12      223.122                 0.0                     290.0                   
13      442.692                 0.0                     490.81                  
14      391.889                 0.0                     889.233                 
15      175.181                 0.0                     1241.933                
16      0.0                     0.0                     1399.596                
17      0.0                     487.355                 1399.596                
18      0.0                     511.281                 858.091                 
19      0.0                     0.0                     290.0                   
20      0.0                     0.0                     290.0                   
21      0.0                     0.0                     290.0                   
22      0.0                     0.0                     290.0                   
23      0.0                     0.0                     290.0                   
24      0.0                     0.0                     290.0                   

===== fig4 - Energy and power flows of the storage Area 2 (GB) =====
t       charging power [MW]     discharging power [MW]  Energy stored [MWh]     
1       0.0                     0.0                     290.0                   
2       0.0                     0.0                     290.0                   
3       0.0                     0.0                     290.0                   
4       0.0                     0.0                     290.0                   
5       0.0                     0.0                     290.0                   
6       0.0                     0.0                     290.0                   
7       0.0                     0.0                     290.0                   
8       0.0                     0.0                     290.0                   
9       0.0                     0.0                     290.0                   
10      0.0                     0.0                     290.0                   
11      0.0                     0.0                     290.0                   
12      235.181                 0.0                     290.0                   
13      432.565                 0.0                     501.663                 
14      386.799                 0.0                     890.972                 
15      178.345                 0.0                     1239.091                
16      0.0                     0.0                     1399.601                
17      0.0                     484.822                 1399.601                
18      0.0                     0.0                     860.91                  
19      0.0                     0.0                     860.91                  
20      0.0                     0.0                     860.91                  
21      0.0                     513.819                 860.91                  
22      0.0                     0.0                     290.0                   
23      0.0                     0.0                     290.0                   
24      0.0                     0.0                     290.0                   

===== fig5 - Generation by unit Area 1 (Nordic) =====
t       Generator 1 [MW]        Generator 2 [MW]        Generator 3 [MW]        
1       1342.822                0.0                     161.5                   
2       1544.812                682.058                 161.5                   
3       1500.993                204.282                 161.5                   
4       1469.965                395.67                  161.5                   
5       1534.91                 1562.497                161.5                   
6       1787.427                1859.738                161.5                   
7       1861.083                1861.083                1608.269                
8       1867.361                1867.361                1608.269                
9       1860.864                1860.864                1608.269                
10      1868.809                1868.809                1608.269                
11      1913.752                1913.752                1608.269                
12      1816.602                1816.602                161.5                   
13      1991.964                1049.786                161.5                   
14      1942.172                204.282                 161.5                   
15      1685.864                1685.864                161.5                   
16      2034.326                2034.326                161.5                   
17      2082.768                2034.326                1608.269                
18      2287.492                2034.326                1608.269                
19      2087.236                2034.326                1608.269                
20      2000.738                2000.738                161.5                   
21      1829.631                1829.631                161.5                   
22      1759.179                204.282                 161.5                   
23      1569.313                204.282                 161.5                   
24      1454.901                204.282                 161.5                   

===== fig6 - Generation by unit Area 2 (GB) =====
t       Generator 4 [MW]        Generator 5 [MW]        Generator 6 [MW]        
1       340.066                 0.0                     340.066                 
2       328.339                 0.0                     328.339                 
3       296.203                 0.0                     296.203                 
4       281.503                 0.0                     281.503                 
5       250.235                 0.0                     250.235                 
6       251.483                 0.0                     251.483                 
7       317.737                 0.0                     317.737                 
8       432.376                 0.0                     432.376                 
9       385.317                 23.5                    385.317                 
10      261.601                 141.0                   261.601                 
11      253.527                 282.0                   0.0                     
12      0.0                     399.5                   0.0                     
13      0.0                     470.0                   0.0                     
14      0.0                     423.0                   0.0                     
15      0.0                     305.5                   0.0                     
16      0.0                     164.5                   0.0                     
17      250.0                   47.0                    0.0                     
18      494.999                 0.0                     0.0                     
19      494.999                 0.0                     0.0                     
20      494.999                 0.0                     0.0                     
21      494.999                 0.0                     0.0                     
22      494.999                 0.0                     0.0                     
23      484.019                 0.0                     0.0                     
24      490.16                  0.0                     0.0                     

===== fig7 - Loss of power area 1 (Nordic) =====
t       Loss generator 1 [MW]   Loss converter 1 [MW]   Loss reserve Area 1 [MW]
1       1342.822                0.0                     -0.0                    
2       1544.812                0.0                     -0.0                    
3       1500.993                0.0                     -0.0                    
4       1483.967                0.0                     -0.0                    
5       1562.497                0.0                     -0.0                    
6       1859.738                0.0                     -0.0                    
7       1861.083                0.0                     -0.0                    
8       1867.361                0.0                     -0.0                    
9       1860.864                0.0                     -0.0                    
10      1868.809                0.0                     -0.0                    
11      1913.752                0.0                     -0.0                    
12      1816.602                0.0                     -0.0                    
13      1991.964                0.0                     -0.0                    
14      1942.172                0.0                     -0.0                    
15      1685.864                0.0                     -0.0                    
16      2034.326                0.0                     -0.0                    
17      2082.768                0.0                     -0.0                    
18      2287.492                0.0                     -0.0                    
19      2087.236                0.0                     -0.0                    
20      2000.738                0.0                     -0.0                    
21      1829.631                0.0                     -0.0                    
22      1759.179                0.0                     -0.0                    
23      1569.313                0.0                     -0.0                    
24      1454.901                0.0                     -0.0                    

===== fig8 - Loss of power area 2 (GB) =====
t       Loss generator 2 [MW]   Loss converter 2 [MW]   Loss reserve Area 2 [MW]
1       1800.0                  0.0                     -0.0                    
2       1800.0                  0.0                     -0.0                    
3       1800.0                  0.0                     -0.0                    
4       1800.0                  0.0                     -0.0                    
5       1800.0                  0.0                     -0.0                    
6       1987.245                0.0                     -0.0                    
7       2247.807                0.0                     -0.0                    
8       2461.762                0.0                     -0.0                    
9       2611.952                0.0                     -0.0                    
10      2737.278                0.0                     -0.0                    
11      2830.861                0.0                     -0.0                    
12      2943.985                0.0                     -0.0                    
13      3030.0                  0.0                     -0.0                    
14      3030.0                  0.0                     -0.0                    
15      3110.0                  0.0                     -0.0                    
16      3859.439                0.0                     -0.0                    
17      4020.73                 0.0                     -0.0                    
18      4100.0                  0.0                     -0.0                    
19      3912.102                0.0                     -0.0                    
20      3514.286                0.0                     -0.0                    
21      3142.801                0.0                     -0.0                    
22      2901.047                0.0                     -0.0                    
23      2644.155                0.0                     -0.0                    
24      2447.449                0.0                     -0.0                    

===== fig9 - Reserve allocation Area 1 (Nordic) plg =====
t       Reserve thermal generators [MW]Reserve electrolyzers [MW]Reserve HVDC [MW]       Reserve storage [MW]    
1       236.756                 900.0                   0.0                     206.065                 
2       297.623                 900.0                   0.0                     347.189                 
3       297.623                 900.0                   0.0                     303.37                  
4       297.623                 900.0                   0.0                     286.344                 
5       297.623                 900.0                   0.0                     364.873                 
6       309.738                 900.0                   0.0                     650.0                   
7       311.083                 900.0                   0.0                     650.0                   
8       311.706                 900.0                   0.0                     655.656                 
9       315.445                 900.0                   0.0                     645.419                 
10      315.445                 900.0                   0.0                     653.363                 
11      311.706                 900.0                   0.0                     702.046                 
12      311.484                 900.0                   0.0                     605.118                 
13      309.738                 900.0                   0.0                     782.226                 
14      309.738                 900.0                   0.0                     732.434                 
15      309.738                 900.0                   0.0                     476.126                 
16      315.445                 900.0                   0.0                     818.88                  
17      315.445                 900.0                   0.0                     867.322                 
18      315.445                 900.0                   0.0                     1072.047                
19      315.445                 900.0                   0.0                     871.791                 
20      315.445                 900.0                   0.0                     785.293                 
21      309.738                 900.0                   0.0                     619.892                 
22      309.738                 900.0                   0.0                     549.44                  
23      309.738                 900.0                   0.0                     359.575                 
24      309.738                 900.0                   0.0                     245.162                 

===== fig10 - Reserve allocation Area 1 (Nordic) plc =====
t       Reserve thermal generators [MW]Reserve electrolyzers [MW]Reserve HVDC [MW]       Reserve storage [MW]    
1       0.0                     0.0                     0.0                     0.0                     
2       0.0                     0.0                     0.0                     0.0                     
3       0.0                     0.0                     0.0                     0.0                     
4       0.0                     0.0                     0.0                     0.0                     
5       0.0                     0.0                     0.0                     0.0                     
6       0.0                     0.0                     0.0                     0.0                     
7       0.0                     0.0                     0.0                     0.0                     
8       0.0                     0.0                     0.0                     0.0                     
9       0.0                     0.0                     0.0                     0.0                     
10      0.0                     0.0                     0.0                     0.0                     
11      0.0                     0.0                     0.0                     0.0                     
12      0.0                     0.0                     0.0                     0.0                     
13      0.0                     0.0                     0.0                     0.0                     
14      0.0                     0.0                     0.0                     0.0                     
15      0.0                     0.0                     0.0                     0.0                     
16      0.0                     0.0                     0.0                     0.0                     
17      0.0                     0.0                     0.0                     0.0                     
18      0.0                     0.0                     0.0                     0.0                     
19      0.0                     0.0                     0.0                     0.0                     
20      0.0                     0.0                     0.0                     0.0                     
21      0.0                     0.0                     0.0                     0.0                     
22      0.0                     0.0                     0.0                     0.0                     
23      0.0                     0.0                     0.0                     0.0                     
24      0.0                     0.0                     0.0                     0.0                     

===== fig11 - Reserve allocation Area 2 (GB) plg =====
t       Reserve thermal generators [MW]Reserve electrolyzers [MW]Reserve HVDC [MW]       Reserve storage [MW]    
1       510.97                  347.483                 0.0                     941.547                 
2       510.97                  347.623                 0.0                     941.408                 
3       510.97                  348.335                 0.0                     940.695                 
4       510.97                  348.142                 0.0                     940.888                 
5       495.966                 352.475                 0.0                     951.559                 
6       475.96                  394.233                 0.0                     1117.052                
7       475.96                  442.296                 0.0                     1329.551                
8       475.96                  487.674                 0.0                     1498.128                
9       475.96                  518.309                 0.0                     1617.682                
10      475.96                  527.553                 0.0                     1733.765                
11      225.894                 580.634                 0.0                     2024.333                
12      85.856                  660.966                 0.0                     2197.163                
13      85.856                  668.352                 0.0                     2275.792                
14      85.856                  668.75                  0.0                     2275.394                
15      90.858                  684.664                 0.0                     2334.478                
16      185.883                 718.702                 0.0                     2954.854                
17      280.908                 779.542                 0.0                     2960.28                 
18      280.908                 761.281                 0.0                     3057.811                
19      280.908                 728.439                 0.0                     2902.755                
20      280.908                 716.519                 0.0                     2516.859                
21      280.908                 708.24                  0.0                     2153.653                
22      280.908                 587.503                 0.0                     2032.636                
23      280.908                 532.475                 0.0                     1830.772                
24      280.908                 503.009                 0.0                     1663.532                

===== fig12 - Reserve allocation Area 2 (GB) plc =====
t       Reserve thermal generators [MW]Reserve electrolyzers [MW]Reserve HVDC [MW]       Reserve storage [MW]    
1       0.0                     0.0                     0.0                     0.0                     
2       0.0                     0.0                     0.0                     0.0                     
3       0.0                     0.0                     0.0                     0.0                     
4       0.0                     0.0                     0.0                     0.0                     
5       0.0                     0.0                     0.0                     0.0                     
6       0.0                     0.0                     0.0                     0.0                     
7       0.0                     0.0                     0.0                     0.0                     
8       0.0                     0.0                     0.0                     0.0                     
9       0.0                     0.0                     0.0                     0.0                     
10      0.0                     0.0                     0.0                     0.0                     
11      0.0                     0.0                     0.0                     0.0                     
12      0.0                     0.0                     0.0                     0.0                     
13      0.0                     0.0                     0.0                     0.0                     
14      0.0                     0.0                     0.0                     0.0                     
15      0.0                     0.0                     0.0                     0.0                     
16      0.0                     0.0                     0.0                     0.0                     
17      0.0                     0.0                     0.0                     0.0                     
18      0.0                     0.0                     0.0                     0.0                     
19      0.0                     0.0                     0.0                     0.0                     
20      0.0                     0.0                     0.0                     0.0                     
21      0.0                     0.0                     0.0                     0.0                     
22      0.0                     0.0                     0.0                     0.0                     
23      0.0                     0.0                     0.0                     0.0                     
24      0.0                     0.0                     0.0                     0.0                     

===== fig13 - HVDC power flows =====
t       Flow HVDC 1-2 [MW]      
1       0.0                     
2       0.0                     
3       0.0                     
4       0.0                     
5       0.0                     
6       0.0                     
7       0.0                     
8       0.0                     
9       0.0                     
10      0.0                     
11      0.0                     
12      0.0                     
13      0.0                     
14      0.0                     
15      0.0                     
16      0.0                     
17      0.0                     
18      0.0                     
19      0.0                     
20      0.0                     
21      0.0                     
22      0.0                     
23      0.0                     
24      0.0                     

===== fig14 - Sum Of Power Flows HVDC Links =====
t       Sum Of Flows 12 [MW]    
1       0.0                     
2       0.0                     
3       0.0                     
4       0.0                     
5       0.0                     
6       0.0                     
7       0.0                     
8       0.0                     
9       0.0                     
10      0.0                     
11      0.0                     
12      0.0                     
13      0.0                     
14      0.0                     
15      0.0                     
16      0.0                     
17      0.0                     
18      0.0                     
19      0.0                     
20      0.0                     
21      0.0                     
22      0.0                     
23      0.0                     
24      0.0                     

===== fig15 - Demand without Electrolyzers and BESS =====
t       Total Demand Area 1 (Nordic) [MW]Total Demand Area 2 (GB) [MW]
1       40579.417               58064.516               
2       50885.301               58064.516               
3       49597.065               54193.548               
4       49597.065               52258.065               
5       53461.772               49354.839               
6       66344.126               52258.065               
7       79226.481               61935.484               
8       89532.364               75483.871               
9       95973.542               75483.871               
10      98550.013               77419.355               
11      98550.013               79354.839               
12      97261.777               76838.71                
13      95973.542               77032.258               
14      94685.306               77167.742               
15      93397.071               77419.355               
16      94685.306               79354.839               
17      95973.542               90000.0                 
18      97261.777               89032.258               
19      92108.835               85161.29                
20      81802.952               84193.548               
21      72785.303               83225.806               
22      66344.126               73548.387               
23      59902.949               63870.968               
24      56038.242               61548.387               

===== fig16 - Demand with Electrolyzers and BESS =====
t       Demand Area 1 (Nordic) [MW]Demand Area 2 (GB) [MW] 
1       40682.296               59098.492               
2       50988.179               59098.492               
3       49699.944               55227.524               
4       49699.944               53292.04                
5       53564.65                50388.815               
6       66447.005               53292.04                
7       79329.36                62969.46                
8       89635.243               76517.847               
9       96076.421               76517.847               
10      98652.891               78453.331               
11      98652.891               80388.815               
12      97590.483               78107.867               
13      96521.818               78498.799               
14      95182.78                78588.517               
15      93677.846               78631.675               
16      94788.185               80388.815               
17      95578.892               90549.154               
18      96842.758               90066.234               
19      92201.411               86195.266               
20      81894.947               85227.524               
21      72877.234               83745.964               
22      66436.11                74582.363               
23      60005.828               64904.944               
24      56141.121               62582.363               

===== fig22 - Flow+Reserve =====
t       -Flow12 + Reserve(lg) Converter 1 [MW]Flow12 + Reserve(lg) Converter 2 [MW]-Flow12 + Reserve(lc) Converter 1 [MW]Flow12 + Reserve(lc) Converter 2 [MW]
1       0.0                     0.0                     0.0                     0.0                     
2       0.0                     0.0                     0.0                     0.0                     
3       0.0                     0.0                     0.0                     0.0                     
4       0.0                     0.0                     0.0                     0.0                     
5       0.0                     0.0                     0.0                     0.0                     
6       0.0                     0.0                     0.0                     0.0                     
7       0.0                     0.0                     0.0                     0.0                     
8       0.0                     0.0                     0.0                     0.0                     
9       0.0                     0.0                     0.0                     0.0                     
10      0.0                     0.0                     0.0                     0.0                     
11      0.0                     0.0                     0.0                     0.0                     
12      0.0                     0.0                     0.0                     0.0                     
13      0.0                     0.0                     0.0                     0.0                     
14      0.0                     0.0                     0.0                     0.0                     
15      0.0                     0.0                     0.0                     0.0                     
16      0.0                     0.0                     0.0                     0.0                     
17      0.0                     0.0                     0.0                     0.0                     
18      0.0                     0.0                     0.0                     0.0                     
19      0.0                     0.0                     0.0                     0.0                     
20      0.0                     0.0                     0.0                     0.0                     
21      0.0                     0.0                     0.0                     0.0                     
22      0.0                     0.0                     0.0                     0.0                     
23      0.0                     0.0                     0.0                     0.0                     
24      0.0                     0.0                     0.0                     0.0                     

===== fig23 - Reserve per converter Area 1 (Nordic) plg =====
t       Reserve Converter 1 [MW]
1       0.0                     
2       0.0                     
3       0.0                     
4       0.0                     
5       0.0                     
6       0.0                     
7       0.0                     
8       0.0                     
9       0.0                     
10      0.0                     
11      0.0                     
12      0.0                     
13      0.0                     
14      0.0                     
15      0.0                     
16      0.0                     
17      0.0                     
18      0.0                     
19      0.0                     
20      0.0                     
21      0.0                     
22      0.0                     
23      0.0                     
24      0.0                     

===== fig24 - Reserve per converter Area 1 (Nordic) plc =====
t       Reserve Converter 1 [MW]
1       0.0                     
2       0.0                     
3       0.0                     
4       0.0                     
5       0.0                     
6       0.0                     
7       0.0                     
8       0.0                     
9       0.0                     
10      0.0                     
11      0.0                     
12      0.0                     
13      0.0                     
14      0.0                     
15      0.0                     
16      0.0                     
17      0.0                     
18      0.0                     
19      0.0                     
20      0.0                     
21      0.0                     
22      0.0                     
23      0.0                     
24      0.0                     

===== fig25 - Reserve per converter Area 2 (GB) plg =====
t       Reserve Converter 2 [MW]
1       0.0                     
2       0.0                     
3       0.0                     
4       0.0                     
5       0.0                     
6       0.0                     
7       0.0                     
8       0.0                     
9       0.0                     
10      0.0                     
11      0.0                     
12      0.0                     
13      0.0                     
14      0.0                     
15      0.0                     
16      0.0                     
17      0.0                     
18      0.0                     
19      0.0                     
20      0.0                     
21      0.0                     
22      0.0                     
23      0.0                     
24      0.0                     

===== fig26 - Reserve per converter Area 2 (GB) plc =====
t       Reserve Converter 2 [MW]
1       0.0                     
2       0.0                     
3       0.0                     
4       0.0                     
5       0.0                     
6       0.0                     
7       0.0                     
8       0.0                     
9       0.0                     
10      0.0                     
11      0.0                     
12      0.0                     
13      0.0                     
14      0.0                     
15      0.0                     
16      0.0                     
17      0.0                     
18      0.0                     
19      0.0                     
20      0.0                     
21      0.0                     
22      0.0                     
23      0.0                     
24      0.0                     

===== fig29 - Power per converter =====
t       Converter 1 AC power [MW]Converter 2 AC power [MW]
1       -0.0                    0.0                     
2       -0.0                    0.0                     
3       -0.0                    0.0                     
4       -0.0                    0.0                     
5       -0.0                    0.0                     
6       -0.0                    0.0                     
7       -0.0                    0.0                     
8       -0.0                    0.0                     
9       -0.0                    0.0                     
10      -0.0                    0.0                     
11      -0.0                    0.0                     
12      -0.0                    0.0                     
13      -0.0                    0.0                     
14      -0.0                    0.0                     
15      -0.0                    0.0                     
16      -0.0                    0.0                     
17      -0.0                    0.0                     
18      -0.0                    0.0                     
19      -0.0                    0.0                     
20      -0.0                    0.0                     
21      -0.0                    0.0                     
22      -0.0                    0.0                     
23      -0.0                    0.0                     
24      -0.0                    0.0                     

===== fig30 - Failure binary variable (delta hvdc) =====
t       HVDC 1                  HVDC 2                  
1       1.0                     1.0                     
2       1.0                     1.0                     
3       1.0                     1.0                     
4       1.0                     1.0                     
5       1.0                     1.0                     
6       1.0                     1.0                     
7       1.0                     1.0                     
8       1.0                     1.0                     
9       1.0                     1.0                     
10      1.0                     1.0                     
11      1.0                     1.0                     
12      1.0                     1.0                     
13      1.0                     1.0                     
14      1.0                     1.0                     
15      1.0                     1.0                     
16      1.0                     1.0                     
17      1.0                     1.0                     
18      1.0                     1.0                     
19      1.0                     1.0                     
20      1.0                     1.0                     
21      1.0                     1.0                     
22      1.0                     1.0                     
23      1.0                     1.0                     
24      1.0                     1.0                     

===== fig31 - Reserve allocation Area 1 (Nordic) pl reserve =====
t       Reserve thermal generators [MW]Reserve electrolyzers [MW]Reserve storage [MW]    
1       0.0                     0.0                     0.0                     
2       0.0                     0.0                     0.0                     
3       0.0                     0.0                     0.0                     
4       0.0                     0.0                     0.0                     
5       0.0                     0.0                     0.0                     
6       0.0                     0.0                     0.0                     
7       0.0                     0.0                     0.0                     
8       0.0                     0.0                     0.0                     
9       0.0                     0.0                     0.0                     
10      0.0                     0.0                     0.0                     
11      0.0                     0.0                     0.0                     
12      0.0                     0.0                     0.0                     
13      0.0                     0.0                     0.0                     
14      0.0                     0.0                     0.0                     
15      0.0                     0.0                     0.0                     
16      0.0                     0.0                     0.0                     
17      0.0                     0.0                     0.0                     
18      0.0                     0.0                     0.0                     
19      0.0                     0.0                     0.0                     
20      0.0                     0.0                     0.0                     
21      0.0                     0.0                     0.0                     
22      0.0                     0.0                     0.0                     
23      0.0                     0.0                     0.0                     
24      0.0                     0.0                     0.0                     

===== fig32 - Reserve allocation Area 2 (GB) pl reserve =====
t       Reserve thermal generators [MW]Reserve electrolyzers [MW]Reserve storage [MW]    
1       0.0                     0.0                     0.0                     
2       0.0                     0.0                     0.0                     
3       0.0                     0.0                     0.0                     
4       0.0                     0.0                     0.0                     
5       0.0                     0.0                     0.0                     
6       0.0                     0.0                     0.0                     
7       0.0                     0.0                     0.0                     
8       0.0                     0.0                     0.0                     
9       0.0                     0.0                     0.0                     
10      0.0                     0.0                     0.0                     
11      0.0                     0.0                     0.0                     
12      0.0                     0.0                     0.0                     
13      0.0                     0.0                     0.0                     
14      0.0                     0.0                     0.0                     
15      0.0                     0.0                     0.0                     
16      0.0                     0.0                     0.0                     
17      0.0                     0.0                     0.0                     
18      0.0                     0.0                     0.0                     
19      0.0                     0.0                     0.0                     
20      0.0                     0.0                     0.0                     
21      0.0                     0.0                     0.0                     
22      0.0                     0.0                     0.0                     
23      0.0                     0.0                     0.0                     
24      0.0                     0.0                     0.0                     

===== fig33 - Procured Inertia Area 1 (Nordic) =====
t       Inertia Area 1 (Nordic) [GW*s]
1       249.868                 
2       308.284                 
3       308.284                 
4       308.284                 
5       308.284                 
6       319.912                 
7       321.203                 
8       321.8                   
9       325.389                 
10      325.389                 
11      321.8                   
12      321.587                 
13      319.912                 
14      319.912                 
15      319.912                 
16      325.389                 
17      325.389                 
18      325.389                 
19      325.389                 
20      325.389                 
21      319.912                 
22      319.912                 
23      319.912                 
24      319.912                 

===== fig34 - Procured Inertia Area 2 (GB) =====
t       Inertia Area 2 (GB) [GW*s]
1       245.75                  
2       245.75                  
3       245.75                  
4       245.75                  
5       239.75                  
6       231.75                  
7       231.75                  
8       231.75                  
9       231.75                  
10      231.75                  
11      131.75                  
12      75.75                   
13      75.75                   
14      75.75                   
15      77.75                   
16      115.75                  
17      153.75                  
18      153.75                  
19      153.75                  
20      153.75                  
21      153.75                  
22      153.75                  
23      153.75                  
24      153.75                  

===== fig35 - Renewable Generation by type Area 1 (Nordic) =====
t       Reservoir Generation [MW]Wind Generation [MW]    Solar Generation [MW]   
1       17571.064               22170.114               0.0                     
2       26009.255               23743.021               0.0                     
3       25394.5                 23069.541               0.0                     
4       25843.385               22620.656               0.0                     
5       28564.761               23645.996               0.0                     
6       37224.88                27616.516               0.0                     
7       39478.833               30591.815               0.0                     
8       39838.022               32711.742               0.0                     
9       39766.554               34105.344               1344.1                  
10      39691.019               35311.625               8064.6                  
11      40013.24                36400.8                 16129.2                 
12      36675.609               36478.377               22849.7                 
13      28817.837               39274.861               26880.045               
14      28971.916               40469.0                 24193.8                 
15      35200.196               39416.676               17473.3                 
16      39126.912               44498.187               9408.7                  
17      41640.286               45992.076               2688.2                  
18      43278.081               48535.441               0.0                     
19      41676.034               45356.891               0.0                     
20      38569.178               42002.114               0.0                     
21      33667.166               37955.006               0.0                     
22      29442.555               35667.987               0.0                     
23      26276.753               32202.747               0.0                     
24      24672.291               29828.09                0.0                     

===== fig36 - Renewable Generation by type Area 2 (GB) =====
t       Reservoir Generation [MW]Wind Generation [MW]    Solar Generation [MW]   
1       0.0                     22001.863               0.0                     
2       0.0                     23174.546               0.0                     
3       0.0                     22517.191               0.0                     
4       0.0                     22051.719               0.0                     
5       0.0                     23025.991               0.0                     
6       0.0                     26814.138               0.0                     
7       0.0                     30329.934               0.0                     
8       0.0                     33216.849               0.0                     
9       0.0                     35243.384               235.0                   
10      0.0                     36934.432               1410.0                  
11      0.0                     38197.148               2820.0                  
12      0.0                     39723.548               3995.0                  
13      0.0                     42035.502               4700.0                  
14      0.0                     45043.155               4230.0                  
15      0.0                     48084.089               3055.0                  
16      0.0                     52075.878               1645.0                  
17      0.0                     54252.206               470.0                   
18      0.0                     55321.8                 0.0                     
19      0.0                     52786.465               0.0                     
20      0.0                     47418.686               0.0                     
21      0.0                     42406.2                 0.0                     
22      0.0                     39144.184               0.0                     
23      0.0                     35677.906               0.0                     
24      0.0                     33023.728               0.0                     

===== fig37 - Headroom by Area =====
t       Area 1 (Nordic) [MW]    Area 2 (GB) [MW]        
1       36971.326               18593.391               
2       43137.275               19766.073               
3       43752.03                22979.686               
4       43303.145               24449.698               
5       40581.769               26827.196               
6       34458.804               25712.117               
7       24904.402               19550.494               
8       16875.436               8889.022                
9       14133.227               13265.556               
10      19475.593               24771.121               
11      27629.656               13198.353               
12      35754.649               6350.0                  
13      43235.553               6350.0                  
14      43081.474               6350.0                  
15      36853.194               6600.0                  
16      33705.444               11327.083               
17      27142.156               7525.047                
18      25504.362               2870.072                
19      27679.009               2870.072                
20      34716.613               2870.072                
21      38386.224               2870.072                
22      42610.835               2870.072                
23      45776.637               3462.982                
24      47381.099               3131.384                

===== fig38 - Load shedding Area 1 (Nordic) and Area 2 (GB) =====
t       Area 1 (Nordic) [MW]    Area 2 (GB) [MW]        
1       0.0                     0.0                     
2       0.0                     0.0                     
3       0.0                     0.0                     
4       0.0                     0.0                     
5       0.0                     0.0                     
6       0.0                     0.0                     
7       0.0                     0.0                     
8       0.0                     0.0                     
9       0.0                     0.0                     
10      0.0                     0.0                     
11      0.0                     0.0                     
12      0.0                     0.0                     
13      0.0                     0.0                     
14      0.0                     0.0                     
15      0.0                     0.0                     
16      0.0                     0.0                     
17      0.0                     0.0                     
18      0.0                     0.0                     
19      0.0                     0.0                     
20      0.0                     0.0                     
21      0.0                     0.0                     
22      0.0                     0.0                     
23      0.0                     0.0                     
24      0.0                     0.0                     

===== fig39 - Reserve lg 2 and power loss reserve 1 =====
t       Reserve lg 2 [MW]       Power loss reserve 1 [MW]
1       0.0                     -0.0                    
2       0.0                     -0.0                    
3       0.0                     -0.0                    
4       0.0                     -0.0                    
5       0.0                     -0.0                    
6       0.0                     -0.0                    
7       0.0                     -0.0                    
8       0.0                     -0.0                    
9       0.0                     -0.0                    
10      0.0                     -0.0                    
11      0.0                     -0.0                    
12      0.0                     -0.0                    
13      0.0                     -0.0                    
14      0.0                     -0.0                    
15      0.0                     -0.0                    
16      0.0                     -0.0                    
17      0.0                     -0.0                    
18      0.0                     -0.0                    
19      0.0                     -0.0                    
20      0.0                     -0.0                    
21      0.0                     -0.0                    
22      0.0                     -0.0                    
23      0.0                     -0.0                    
24      0.0                     -0.0                    

===== fig41 - Renewable curtailment Area 1 (Nordic) =====
t       Solar Curtailment [MW]  Wind Curtailment [MW]   
1       -0.0                    658.264                 
2       -0.0                    302.091                 
3       -0.0                    293.523                 
4       -0.0                    259.451                 
5       -0.0                    244.981                 
6       -0.0                    204.912                 
7       -0.0                    877.483                 
8       -0.0                    1752.919                
9       -0.0                    2461.981                
10      0.0                     3010.273                
11      0.0                     3231.249                
12      0.0                     4737.413                
13      1.955                   4435.352                
14      0.0                     6611.639                
15      -0.0                    11043.38                
16      0.0                     9533.956                
17      0.0                     10298.149               
18      -0.0                    8864.559                
19      -0.0                    9412.533                
20      -0.0                    7197.886                
21      -0.0                    6044.211                
22      -0.0                    4946.675                
23      -0.0                    4815.424                
24      -0.0                    4436.196                

===== fig42 - Renewable curtailment Area 2 (GB) =====
t       Solar Curtailment [MW]  Wind Curtailment [MW]   
1       -0.0                    0.0                     
2       -0.0                    0.0                     
3       -0.0                    0.0                     
4       -0.0                    0.0                     
5       -0.0                    0.0                     
6       -0.0                    0.0                     
7       -0.0                    -0.0                    
8       -0.0                    0.0                     
9       0.0                     0.0                     
10      0.0                     0.0                     
11      0.0                     0.0                     
12      -0.0                    0.0                     
13      -0.0                    92.158                  
14      0.0                     332.903                 
15      -0.0                    549.032                 
16      0.0                     0.0                     
17      0.0                     0.0                     
18      -0.0                    -0.0                    
19      -0.0                    0.0                     
20      -0.0                    -0.0                    
21      -0.0                    0.0                     
22      -0.0                    0.0                     
23      -0.0                    0.0                     
24      -0.0                    0.0                     

===== fig43 - Total generation by technology Area 1 (Nordic) =====
t       Nuclear [MW]            Gas [MW]                Biomass [MW]            Oil [MW]                Reservoir (Hydro) [MW]  Pump [MW]               Solar [MW]              Wind [MW]               
1       2264.0                  0.0                     0.0                     0.0                     17571.064               0.0                     0.0                     22170.114               
2       2264.0                  0.0                     0.0                     0.0                     26009.255               0.0                     0.0                     23743.021               
3       2264.0                  0.0                     0.0                     0.0                     25394.5                 0.0                     0.0                     23069.541               
4       2264.0                  0.0                     0.0                     0.0                     25843.385               0.0                     0.0                     22620.656               
5       2264.0                  0.0                     0.0                     0.0                     28564.761               0.0                     0.0                     23645.996               
6       2633.706                0.0                     0.0                     0.0                     37224.88                0.0                     0.0                     27616.516               
7       10224.623               0.0                     0.0                     0.0                     39478.833               32.272                  0.0                     30591.815               
8       18028.733               0.0                     0.0                     0.0                     39838.022               47.198                  0.0                     32711.742               
9       21650.009               0.0                     0.0                     0.0                     39766.554               136.929                 1344.1                  34105.344               
10      16383.179               0.0                     0.0                     0.0                     39691.019               136.929                 8064.6                  35311.625               
11      7099.296                0.0                     0.0                     0.0                     40013.24                47.198                  16129.2                 36400.8                 
12      2264.0                  0.0                     0.0                     0.0                     36675.609               41.872                  22849.7                 36478.377               
13      2264.0                  0.0                     0.0                     0.0                     28817.837               0.0                     26880.045               39274.861               
14      2264.0                  0.0                     0.0                     0.0                     28971.916               0.0                     24193.8                 40469.0                 
15      2264.0                  0.0                     0.0                     0.0                     35200.196               0.0                     17473.3                 39416.676               
16      2717.435                0.0                     0.0                     0.0                     39126.912               136.929                 9408.7                  44498.187               
17      6767.349                0.0                     0.0                     0.0                     41640.286               136.929                 2688.2                  45992.076               
18      6767.349                0.0                     0.0                     0.0                     43278.081               136.929                 0.0                     48535.441               
19      6194.748                0.0                     0.0                     0.0                     41676.034               136.929                 0.0                     45356.891               
20      2264.0                  0.0                     0.0                     0.0                     38569.178               136.929                 0.0                     42002.114               
21      2264.0                  0.0                     0.0                     0.0                     33667.166               0.0                     0.0                     37955.006               
22      2264.0                  0.0                     0.0                     0.0                     29442.555               0.0                     0.0                     35667.987               
23      2264.0                  0.0                     0.0                     0.0                     26276.753               0.0                     0.0                     32202.747               
24      2264.0                  0.0                     0.0                     0.0                     24672.291               0.0                     0.0                     29828.09                

===== fig44 - Total generation by technology Area 2 (GB) =====
t       Nuclear [MW]            Gas [MW]                Biomass [MW]            Oil [MW]                Reservoir (Hydro) [MW]  Pump [MW]               Solar [MW]              Wind [MW]               Rooftop Solar [MW]      
1       7200.0                  34006.609               0.0                     0.0                     0.0                     0.0                     0.0                     22001.863               0.0                     
2       7200.0                  32833.927               0.0                     0.0                     0.0                     0.0                     0.0                     23174.546               0.0                     
3       7200.0                  29620.314               0.0                     0.0                     0.0                     0.0                     0.0                     22517.191               0.0                     
4       7200.0                  28150.302               0.0                     0.0                     0.0                     0.0                     0.0                     22051.719               0.0                     
5       7200.0                  24272.804               0.0                     0.0                     0.0                     0.0                     0.0                     23025.991               0.0                     
6       7200.0                  23387.883               0.0                     0.0                     0.0                     0.0                     0.0                     26814.138               0.0                     
7       7200.0                  29549.506               0.0                     0.0                     0.0                     0.0                     0.0                     30329.934               0.0                     
8       7200.0                  40210.978               0.0                     0.0                     0.0                     0.0                     0.0                     33216.849               0.0                     
9       7200.0                  35834.444               0.0                     0.0                     0.0                     0.0                     235.0                   35243.384               2115.0                  
10      7200.0                  24328.879               0.0                     0.0                     0.0                     0.0                     1410.0                  36934.432               12690.0                 
11      7200.0                  10901.647               0.0                     0.0                     0.0                     0.0                     2820.0                  38197.148               25380.0                 
12      7200.0                  3750.0                  0.0                     0.0                     0.0                     0.0                     3995.0                  39723.548               35955.0                 
13      7200.0                  3750.0                  0.0                     0.0                     0.0                     0.0                     4700.0                  42035.502               42300.0                 
14      7200.0                  3750.0                  0.0                     0.0                     0.0                     0.0                     4230.0                  45043.155               38070.0                 
15      7200.0                  4000.0                  0.0                     0.0                     0.0                     0.0                     3055.0                  48084.089               27495.0                 
16      7200.0                  8772.917                0.0                     0.0                     0.0                     0.0                     1645.0                  52075.878               14805.0                 
17      7200.0                  22074.953               0.0                     0.0                     0.0                     0.0                     470.0                   54252.206               4230.0                  
18      7200.0                  26729.928               0.0                     0.0                     0.0                     0.0                     0.0                     55321.8                 0.0                     
19      7200.0                  26729.928               0.0                     0.0                     0.0                     0.0                     0.0                     52786.465               0.0                     
20      7200.0                  26729.928               0.0                     0.0                     0.0                     0.0                     0.0                     47418.686               0.0                     
21      7200.0                  26729.928               0.0                     0.0                     0.0                     0.0                     0.0                     42406.2                 0.0                     
22      7200.0                  26729.928               0.0                     0.0                     0.0                     0.0                     0.0                     39144.184               0.0                     
23      7200.0                  26137.018               0.0                     0.0                     0.0                     0.0                     0.0                     35677.906               0.0                     
24      7200.0                  26468.616               0.0                     0.0                     0.0                     0.0                     0.0                     33023.728               0.0                     

===== Total energy generated by technology (sum over all hours) =====
technology          Area 1 (Nordic) [MWh]   Area 2 (GB) [MWh]       
Nuclear             130162.427              172800.0                
Gas                 0.0                     545450.435              
Biomass             0.0                     0.0                     
Oil                 0.0                     0.0                     
Reservoir (Hydro)   807410.327              0.0                     
Pump                1127.043                0.0                     
Solar               129031.645              22560.0                 
Wind                829664.624              900500.54               
Rooftop Solar       0.0                     203040.0                

