===== fig1 - Storage and Hydrogen flows Area 1 (Nordic) =====
t	Hydrogen injected [kg/h]	Hydrogen stored [kg]	Hydrogen Electrolyzer [kg/h]	Hydrogen consumed [kg/h]
1	1724.13	8275.86	1724.13	0.0
2	0.0	6704.979655172415	1724.13	0.0
3	0.0	7049.799310344782	1724.13	0.0
4	0.0	7394.618965517197	1724.13	0.0
5	1724.13	7739.438620689545	1724.13	0.0
6	0.0	6168.558275861899	1724.13	0.0
7	0.0	6513.377931034259	1724.13	0.0
8	0.0	6858.197586206605	1724.13	0.0
9	1724.13	7203.017241378932	1724.13	0.0
10	0.0	5632.136896551254	1724.13	0.0
11	0.0	5976.956551723565	1724.13	0.0
12	0.0	6321.776206895866	1724.13	0.0
13	0.0	6666.595862068141	1724.13	0.0
14	0.0	7011.415517240406	1724.13	0.0
15	0.0	7356.2351724126565	1724.13	0.0
16	0.0	7701.054827584906	1724.13	0.0
17	0.0	8045.87448275719	1724.13	0.0
18	0.0	8390.694137929488	1724.13	0.0
19	0.0	8735.51379310179	1724.13	0.0
20	0.0	9080.33344827411	1724.13	0.0
21	0.0	9425.153103446524	1724.13	0.0
22	1724.13	9769.972758620695	1724.13	0.0
23	551.5845517241446	8199.09241379311	1724.13	0.0
24	0.0	7931.0403448275865	1724.13	0.0

===== fig2 - Storage and Hydrogen flows Area 2 (GB) =====
t	Hydrogen injected [kg/h]	Hydrogen stored [kg]	Hydrogen Electrolyzer [kg/h]	Hydrogen consumed [kg/h]
1	3103.44827586207	0.0	17241.379310344826	0.0
2	3103.44827586207	0.0	17241.379310344826	0.0
3	3103.44827586207	0.0	17241.379310344826	0.0
4	3103.44827586207	0.0	17241.379310344826	0.0
5	3103.44827586207	0.0	17241.379310344826	0.0
6	3103.44827586207	0.0	17241.379310344826	0.0
7	3103.44827586207	0.0	17241.379310344826	0.0
8	3103.44827586207	0.0	17241.379310344826	0.0
9	3103.44827586207	0.0	17241.379310344826	0.0
10	3103.44827586207	0.0	17241.379310344826	0.0
11	3103.44827586207	0.0	17241.379310344826	0.0
12	3103.44827586207	0.0	17241.379310344826	0.0
13	3103.44827586207	0.0	17241.379310344826	0.0
14	3103.44827586207	0.0	17241.379310344826	0.0
15	3103.44827586207	0.0	17241.379310344826	0.0
16	3103.44827586207	0.0	17241.379310344826	0.0
17	3103.44827586207	0.0	17241.379310344826	0.0
18	3103.44827586207	0.0	17241.379310344826	0.0
19	3103.44827586207	0.0	17241.379310344826	0.0
20	3103.44827586207	0.0	17241.379310344826	0.0
21	3103.44827586207	0.0	17241.379310344826	0.0
22	3103.44827586207	0.0	17241.379310344826	0.0
23	3103.44827586207	0.0	17241.379310344826	0.0
24	3103.44827586207	0.0	17241.379310344826	0.0

===== fig3 - Energy and power flows of the storage Area 1 (Nordic) =====
t	charging power [MW]	discharging power [MW]	Energy stored [MWh]
1	600.0	0.0	290.0
2	0.0	0.0	830.0000000000001
3	0.0	0.0	830.0000000000001
4	0.0	369.2589478413232	830.0000000000001
5	0.0	0.0	419.7122801763081
6	0.0	0.0	419.7122801763081
7	0.0	0.0	419.7122801763081
8	0.0	0.0	419.7122801763081
9	0.0	0.0	419.7122801763081
10	0.0	0.0	419.7122801763081
11	0.0	116.74105215867725	419.7122801763081
12	0.0	0.0	290.0
13	0.0	0.0	290.0
14	0.0	0.0	290.0
15	0.0	0.0	290.0
16	0.0	0.0	290.0
17	0.0	0.0	290.0
18	0.0	0.0	290.0
19	0.0	0.0	290.0
20	0.0	0.0	290.0
21	0.0	0.0	290.0
22	0.0	0.0	290.0
23	0.0	0.0	290.0
24	0.0	0.0	290.0

===== fig4 - Energy and power flows of the storage Area 2 (GB) =====
t	charging power [MW]	discharging power [MW]	Energy stored [MWh]
1	0.0	0.18000000000002014	290.0
2	0.0	0.0	289.79999999999995
3	0.0	0.0	289.79999999999995
4	0.0	0.0	289.79999999999995
5	0.0	0.0	289.79999999999995
6	0.0	0.0	289.79999999999995
7	0.0	0.0	289.79999999999995
8	0.0	0.0	289.79999999999995
9	0.0	0.0	289.79999999999995
10	0.0	0.0	289.79999999999995
11	0.0	0.0	289.79999999999995
12	0.0	0.0	289.79999999999995
13	0.22222222222224708	0.0	289.79999999999995
14	0.0	0.0	290.0
15	0.0	0.0	290.0
16	0.0	0.0	290.0
17	0.0	0.0	290.0
18	0.0	0.0	290.0
19	0.0	0.0	290.0
20	0.0	0.0	290.0
21	0.0	0.0	290.0
22	0.0	0.0	290.0
23	0.0	0.0	290.0
24	0.0	0.0	290.0

===== fig5 - Generation by unit Area 1 (Nordic) =====
t	Generator 1 [MW]	Generator 2 [MW]	Generator 3 [MW]
1	1400.0001	204.28200000000004	161.5
2	1544.8121932086792	204.28200000000004	161.5
3	1500.9929994806519	204.28200000000004	161.5
4	1469.9647236138533	786.3790445958376	161.5
5	1534.9095496207156	1534.9095496207174	161.5
6	1787.4269297679668	1808.2546722961247	161.5
7	1861.7055576555554	1861.7055576555554	1608.2690388888889
8	1952.423131670149	1952.423131670149	1608.2690388888889
9	1805.6152741082897	1805.6152741082897	1608.2690388888889
10	1892.2523337207608	1892.2523337207608	1608.2690388888889
11	1956.944719914486	1956.944719914486	1608.2690388888889
12	1747.2299734776725	1747.229973477673	161.5
13	1991.9640742055917	204.28200000000004	161.5
14	1945.9558730736294	204.2819999999999	161.5
15	1682.7993630502754	1682.7993630502754	161.5
16	1966.976766985446	1966.976766985446	161.5
17	2136.6033689876394	2034.3258968444452	1347.208051359204
18	2325.9711764587246	2034.3258968444457	1608.269038888889
19	2135.9551418083925	2034.3258968444452	861.5921613539115
20	1927.0540275375747	1927.0540275375745	161.5
21	1848.579442978371	1278.9703954250103	161.5
22	1678.7014994086348	1678.7014994086348	161.5
23	1530.0498793588986	204.2819999999999	161.5
24	1555.6926444318378	204.2819999999999	161.5

===== fig6 - Generation by unit Area 2 (GB) =====
t	Generator 4 [MW]	Generator 5 [MW]	Generator 6 [MW]
1	500.0	500.0	126.07309681000001
2	0.0	0.0	132.792696068
3	0.0	0.0	129.02598002300002
4	0.0	0.0	126.35877657600001
5	0.0	0.0	131.941460723
6	0.0	0.0	153.647959326
7	0.0	0.0	173.79385963800001
8	0.0	250.0	190.33619778200003
9	0.0	500.0	201.948465068
10	0.0	500.0	211.63835939800003
11	0.0	500.0	218.873858721
12	0.0	500.0	227.620300821
13	0.0	500.0	241.396124173
14	0.0	500.0	260.009801181
15	0.0	0.0	278.673133703
16	0.0	0.0	298.400510327
17	0.0	0.0	310.871106467
18	0.0	0.0	317.0
19	0.0	0.0	302.472252014
20	0.0	0.0	271.71428566900005
21	0.0	0.0	242.99219032599999
22	0.0	0.0	224.300483451
23	0.0	0.0	204.438327937
24	250.0	0.0	189.229591675

===== fig7 - Loss of power area 1 (Nordic) =====
t	Loss generator 1 [MW]	Loss converter 1 [MW]	Loss reserve Area 1 [MW]
1	1400.0001	1400.0001	1399.999989999999
2	1544.8121932086792	1400.0001	1399.9999899999898
3	1500.9929994806519	1400.0001	1399.9999900000007
4	1469.9647236138533	1400.0001	1399.9999900000007
5	1534.9095496207156	1400.0001	1399.9999900000007
6	1808.2546722961247	1400.0001	1399.9999900000007
7	1861.7055576555554	1400.0001	1399.999989999999
8	1952.423131670149	1400.0001	1399.9999900000007
9	1805.6152741082897	1400.0001	1805.6152741082897
10	1892.2523337207608	1400.0001	1873.3512616685844
11	1956.944719914486	1400.0001	1956.944719914486
12	1747.229973477673	1400.0001	1747.229973477673
13	1991.9640742055917	1400.0001	1686.354461550025
14	1945.9558730736294	1400.0001	1638.048138195848
15	1682.7993630502754	1400.0001	1574.1480629681014
16	1966.976766985446	1400.0001	1444.8065903061126
17	2136.6033689876394	1400.0001	2024.3378978431952
18	2325.9711764587246	1400.0001	1988.0406778051374
19	2135.9551418083925	1400.0001	2117.5408993195033
20	1927.0540275375747	1400.0001	1924.2024645203994
21	1848.579442978371	1400.0001	1847.712186484938
22	1678.7014994086348	1400.0001	1678.7014994086455
23	1530.0498793588986	1400.0001	1530.0498793589093
24	1555.6926444318378	1400.0001	1399.9999900000007

===== fig8 - Loss of power area 2 (GB) =====
t	Loss generator 2 [MW]	Loss converter 2 [MW]	Loss reserve Area 2 [MW]
1	1400.0	0.0	0.0
2	1400.0	0.0	0.0
3	1400.0	0.0	0.0
4	1400.0	0.0	0.0
5	1400.0	0.0	0.0
6	1400.0	0.0	0.0
7	1400.0	0.0	0.0
8	1400.0	0.0	0.0
9	1805.6152841082821	0.0	0.0
10	1873.351271668588	0.0	0.0
11	1956.9447299144854	0.0	0.0
12	1747.2299834776725	0.0	0.0
13	1686.3544715500243	0.0	0.0
14	1638.0481481958473	0.0	0.0
15	1574.148072968101	0.0	0.0
16	1444.806600306112	0.0	0.0
17	2024.3379078431947	0.0	0.0
18	1988.0406878051367	0.0	0.0
19	2117.540909319503	0.0	0.0
20	1924.2024745203987	0.0	0.0
21	1847.7121964849332	0.0	0.0
22	1678.70150940864	0.0	0.0
23	1530.0498893589065	0.0	0.0
24	1400.0	0.0	0.0

===== fig9 - Reserve allocation Area 1 (Nordic) plg =====
t	Reserve thermal generators [MW]	Reserve electrolyzers [MW]	Reserve HVDC [MW]	Reserve storage [MW]
1	290.2061593444445	900.0	0.0	209.79394065555545
2	297.62322003333327	900.0	0.0	347.1889731753459
3	297.62322003333327	900.0	0.0	303.3697794473184
4	297.62322003333327	900.0	0.0	272.34150358052
5	297.62322003333327	900.0	0.0	337.2863295873822
6	297.62322003333327	900.0	0.0	610.6314522627914
7	311.7055576555555	900.0	0.0	650.0
8	315.44542968888885	900.0	0.0	736.97770198126
9	315.44542968888885	900.0	0.0	590.1698444194008
10	311.7055576555555	900.0	0.0	680.5467760652052
11	311.7055576555555	900.0	0.0	745.2391622589305
12	309.7383665444444	900.0	0.0	537.4916069332287
13	309.7383665444444	900.0	0.0	782.2257076611475
14	309.7383665444444	900.0	0.0	736.2175065291851
15	309.7383665444444	900.0	0.0	473.0609965058308
16	315.44542968888885	900.0	0.0	751.531337296557
17	315.44542968888885	900.0	0.0	921.1579392987506
18	315.44542968888885	900.0	0.0	1110.525746769836
19	315.44542968888885	900.0	0.0	920.5097121195037
20	315.44542968888885	900.0	0.0	711.6085978486859
21	309.7383665444444	900.0	0.0	638.8410764339266
22	309.7383665444444	900.0	0.0	468.9631328641905
23	309.7383665444444	900.0	0.0	320.31151281445426
24	309.7383665444444	900.0	0.0	345.9542778873935

===== fig10 - Reserve allocation Area 1 (Nordic) plc =====
t	Reserve thermal generators [MW]	Reserve electrolyzers [MW]	Reserve HVDC [MW]	Reserve storage [MW]
1	290.2061593444445	900.0	0.0	209.7939406555554
2	294.5935373333333	900.0	0.0	347.1889731753459
3	292.34631323333326	900.0	0.0	303.3697794473184
4	297.62322003333327	900.0	0.0	272.34150358052
5	278.5910628111111	900.0	0.0	337.2863295873822
6	51.316055633333335	900.0	0.0	448.6840443666665
7	51.316055633333335	900.0	0.0	448.6840443666665
8	293.1644063333333	900.0	0.0	496.09227333334456
9	37.07325856666667	900.0	0.0	499.50591166666777
10	10.0050423	900.0	0.0	499.86672500000094
11	0.0	900.0	0.0	500.00009
12	309.7383665444444	900.0	0.0	190.2617334555556
13	0.0	900.0	0.0	500.00009
14	0.0	900.0	0.0	500.00009
15	296.57160634444443	900.0	0.0	203.42849365555543
16	0.0	900.0	0.0	500.00009
17	0.0	900.0	0.0	500.00009
18	0.0	900.0	0.0	500.00009
19	0.0	900.0	0.0	500.00009
20	0.0	900.0	0.0	500.00009
21	309.7383665444647	900.0	0.0	190.26173345553516
22	309.738366544465	900.0	0.0	190.2617334555348
23	188.20934244446744	900.0	0.0	311.7907575555325
24	303.77756908888887	900.0	0.0	196.22253091110994

===== fig11 - Reserve allocation Area 2 (GB) plg =====
t	Reserve thermal generators [MW]	Reserve electrolyzers [MW]	Reserve HVDC [MW]	Reserve storage [MW]
1	0.0	0.0	1399.999989999999	0.0
2	0.0	0.0	1399.9999899999898	0.0
3	0.0	0.0	1399.9999900000007	0.0
4	0.0	0.0	1399.9999900000007	0.0
5	0.0	0.0	1399.9999900000007	0.0
6	0.0	0.0	1399.9999900000007	0.0
7	0.0	0.0	1399.999989999999	0.0
8	0.0	0.0	1399.9999900000007	0.0
9	0.0	0.0	1805.6152741082897	0.0
10	0.0	0.0	1873.3512616685844	0.0
11	0.0	0.0	1956.944719914486	0.0
12	0.0	0.0	1747.229973477673	0.0
13	0.0	0.0	1686.354461550025	0.0
14	0.0	0.0	1638.048138195848	0.0
15	0.0	0.0	1574.1480629681014	0.0
16	0.0	0.0	1444.8065903061126	0.0
17	0.0	0.0	2024.3378978431952	0.0
18	0.0	0.0	1988.0406778051374	0.0
19	0.0	0.0	2117.5408993195033	0.0
20	0.0	0.0	1924.2024645203994	0.0
21	0.0	0.0	1847.712186484938	0.0
22	0.0	0.0	1678.7014994086455	0.0
23	0.0	0.0	1530.0498793589093	0.0
24	0.0	0.0	1399.9999900000007	0.0

===== fig12 - Reserve allocation Area 2 (GB) plc =====
t	Reserve thermal generators [MW]	Reserve electrolyzers [MW]	Reserve HVDC [MW]	Reserve storage [MW]
1	0.0	0.0	0.0	0.0
2	0.0	0.0	0.0	0.0
3	0.0	0.0	0.0	0.0
4	0.0	0.0	0.0	0.0
5	0.0	0.0	0.0	0.0
6	0.0	0.0	0.0	0.0
7	0.0	0.0	0.0	0.0
8	0.0	0.0	0.0	0.0
9	0.0	0.0	0.0	0.0
10	0.0	0.0	0.0	0.0
11	0.0	0.0	0.0	0.0
12	0.0	0.0	0.0	0.0
13	0.0	0.0	0.0	0.0
14	0.0	0.0	0.0	0.0
15	0.0	0.0	0.0	0.0
16	0.0	0.0	0.0	0.0
17	0.0	0.0	0.0	0.0
18	0.0	0.0	0.0	0.0
19	0.0	0.0	0.0	0.0
20	0.0	0.0	0.0	0.0
21	0.0	0.0	0.0	0.0
22	0.0	0.0	0.0	0.0
23	0.0	0.0	0.0	0.0
24	0.0	0.0	0.0	0.0

===== fig13 - HVDC power flows =====
t	Flow HVDC 1-2 [MW]
1	-1400.0001
2	-1400.0001
3	-1400.0001
4	-1400.0001
5	-1400.0001
6	-1400.0001
7	-1400.0001
8	-1400.0001
9	-1400.0001
10	-1400.0001
11	-1400.0001
12	-1400.0001
13	-1400.0001
14	-1400.0001
15	-1400.0001
16	-1400.0001
17	-1400.0001
18	-1400.0001
19	-1400.0001
20	-1400.0001
21	-1400.0001
22	-1400.0001
23	-1400.0001
24	-1400.0001

===== fig14 - Sum Of Power Flows HVDC Links =====
t	Sum Of Flows 12 [MW]
1	-1400.0001
2	-1400.0001
3	-1400.0001
4	-1400.0001
5	-1400.0001
6	-1400.0001
7	-1400.0001
8	-1400.0001
9	-1400.0001
10	-1400.0001
11	-1400.0001
12	-1400.0001
13	-1400.0001
14	-1400.0001
15	-1400.0001
16	-1400.0001
17	-1400.0001
18	-1400.0001
19	-1400.0001
20	-1400.0001
21	-1400.0001
22	-1400.0001
23	-1400.0001
24	-1400.0001

===== fig15 - Demand without Electrolyzers and BESS =====
t	Total Demand Area 1 (Nordic) [MW]	Total Demand Area 2 (GB) [MW]
1	40579.41694	37500.0
2	50885.3006	37500.0
3	49597.06514	35000.0
4	49597.06514	33750.0
5	53461.77156	31875.0
6	66344.12616	33750.0
7	79226.48078	40000.0
8	89532.36444	48750.0
9	95973.5417	48750.0
10	98550.01264	50000.0
11	98550.01264	51250.0
12	97261.77716	49625.0
13	95973.5417	49750.0
14	94685.30622	49837.5
15	93397.07074	50000.0
16	94685.30622	51250.0
17	95973.5417	58125.0
18	97261.77716	57500.0
19	92108.83538	55000.0
20	81802.95172	54375.0
21	72785.30342	53750.0
22	66344.12616	47500.0
23	59902.94892	41250.0
24	56038.2425	39750.0

===== fig16 - Demand with Electrolyzers and BESS =====
t	Demand Area 1 (Nordic) [MW]	Demand Area 2 (GB) [MW]
1	41285.1750742	38533.79586206897
2	50988.1794371	38533.97586206897
3	49699.943977099996	36033.97586206897
4	49330.685029258675	34783.97586206897
5	53567.5296942	32908.97586206897
6	66447.0049971	34783.97586206897
7	79329.3596171	41033.97586206897
8	89635.2432771	49783.97586206897
9	96079.2998342	49783.97586206897
10	98652.8914771	51033.97586206897
11	98536.15042494133	52283.97586206897
12	97364.6559971	50658.97586206897
13	96076.4205371	50784.19808429119
14	94788.1850571	50871.47586206897
15	93499.9495771	51033.97586206897
16	94788.1850571	52283.97586206897
17	96076.4205371	59158.97586206897
18	97364.6559971	58533.97586206897
19	92211.7142171	56033.97586206897
20	81905.8305571	55408.97586206897
21	72888.1822571	54783.97586206897
22	66449.8842942	48533.97586206897
23	60006.74890330138	42283.97586206897
24	56141.1213371	40783.97586206897

===== fig22 - Flow+Reserve =====
t	-Flow12 + Reserve(lg) Converter 1 [MW]	Flow12 + Reserve(lg) Converter 2 [MW]	-Flow12 + Reserve(lc) Converter 1 [MW]	Flow12 + Reserve(lc) Converter 2 [MW]
1	1400.0001	-0.00011000000108651875	1400.0001	-1400.0001
2	1400.0001	-0.00011000001018146577	1400.0001	-1400.0001
3	1400.0001	-0.00010999999926752935	1400.0001	-1400.0001
4	1400.0001	-0.00010999999926752935	1400.0001	-1400.0001
5	1400.0001	-0.00010999999926752935	1400.0001	-1400.0001
6	1400.0001	-0.00010999999926752935	1400.0001	-1400.0001
7	1400.0001	-0.00011000000108651875	1400.0001	-1400.0001
8	1400.0001	-0.00010999999926752935	1400.0001	-1400.0001
9	1400.0001	405.6151741082897	1400.0001	-1400.0001
10	1400.0001	473.3511616685844	1400.0001	-1400.0001
11	1400.0001	556.9446199144861	1400.0001	-1400.0001
12	1400.0001	347.229873477673	1400.0001	-1400.0001
13	1400.0001	286.35436155002503	1400.0001	-1400.0001
14	1400.0001	238.048038195848	1400.0001	-1400.0001
15	1400.0001	174.1479629681014	1400.0001	-1400.0001
16	1400.0001	44.806490306112664	1400.0001	-1400.0001
17	1400.0001	624.3377978431952	1400.0001	-1400.0001
18	1400.0001	588.0405778051374	1400.0001	-1400.0001
19	1400.0001	717.5407993195033	1400.0001	-1400.0001
20	1400.0001	524.2023645203994	1400.0001	-1400.0001
21	1400.0001	447.712086484938	1400.0001	-1400.0001
22	1400.0001	278.70139940864556	1400.0001	-1400.0001
23	1400.0001	130.0497793589093	1400.0001	-1400.0001
24	1400.0001	-0.00010999999926752935	1400.0001	-1400.0001

===== fig23 - Reserve per converter Area 1 (Nordic) plg =====
t	Reserve Converter 1 [MW]
1	0.0
2	0.0
3	0.0
4	0.0
5	0.0
6	0.0
7	0.0
8	0.0
9	0.0
10	0.0
11	0.0
12	0.0
13	0.0
14	0.0
15	0.0
16	0.0
17	0.0
18	0.0
19	0.0
20	0.0
21	0.0
22	0.0
23	0.0
24	0.0

===== fig24 - Reserve per converter Area 1 (Nordic) plc =====
t	Reserve Converter 1 [MW]
1	0.0
2	0.0
3	0.0
4	0.0
5	0.0
6	0.0
7	0.0
8	0.0
9	0.0
10	0.0
11	0.0
12	0.0
13	0.0
14	0.0
15	0.0
16	0.0
17	0.0
18	0.0
19	0.0
20	0.0
21	0.0
22	0.0
23	0.0
24	0.0

===== fig25 - Reserve per converter Area 2 (GB) plg =====
t	Reserve Converter 2 [MW]
1	1399.999989999999
2	1399.9999899999898
3	1399.9999900000007
4	1399.9999900000007
5	1399.9999900000007
6	1399.9999900000007
7	1399.999989999999
8	1399.9999900000007
9	1805.6152741082897
10	1873.3512616685844
11	1956.944719914486
12	1747.229973477673
13	1686.354461550025
14	1638.048138195848
15	1574.1480629681014
16	1444.8065903061126
17	2024.3378978431952
18	1988.0406778051374
19	2117.5408993195033
20	1924.2024645203994
21	1847.712186484938
22	1678.7014994086455
23	1530.0498793589093
24	1399.9999900000007

===== fig26 - Reserve per converter Area 2 (GB) plc =====
t	Reserve Converter 2 [MW]
1	0.0
2	0.0
3	0.0
4	0.0
5	0.0
6	0.0
7	0.0
8	0.0
9	0.0
10	0.0
11	0.0
12	0.0
13	0.0
14	0.0
15	0.0
16	0.0
17	0.0
18	0.0
19	0.0
20	0.0
21	0.0
22	0.0
23	0.0
24	0.0

===== fig29 - Power per converter =====
t	Converter 1 AC power [MW]	Converter 2 AC power [MW]
1	1400.0001	-1400.0001
2	1400.0001	-1400.0001
3	1400.0001	-1400.0001
4	1400.0001	-1400.0001
5	1400.0001	-1400.0001
6	1400.0001	-1400.0001
7	1400.0001	-1400.0001
8	1400.0001	-1400.0001
9	1400.0001	-1400.0001
10	1400.0001	-1400.0001
11	1400.0001	-1400.0001
12	1400.0001	-1400.0001
13	1400.0001	-1400.0001
14	1400.0001	-1400.0001
15	1400.0001	-1400.0001
16	1400.0001	-1400.0001
17	1400.0001	-1400.0001
18	1400.0001	-1400.0001
19	1400.0001	-1400.0001
20	1400.0001	-1400.0001
21	1400.0001	-1400.0001
22	1400.0001	-1400.0001
23	1400.0001	-1400.0001
24	1400.0001	-1400.0001

===== fig30 - Failure binary variable (delta hvdc) =====
t	HVDC 1	HVDC 2
1	1.0	1.0
2	1.0	1.0
3	1.0	1.0
4	1.0	1.0
5	1.0	1.0
6	1.0	1.0
7	1.0	1.0
8	1.0	1.0
9	1.0	1.0
10	1.0	1.0
11	1.0	1.0
12	1.0	1.0
13	1.0	1.0
14	1.0	1.0
15	1.0	1.0
16	1.0	1.0
17	1.0	1.0
18	1.0	1.0
19	1.0	1.0
20	1.0	1.0
21	1.0	1.0
22	1.0	1.0
23	1.0	1.0
24	1.0	1.0

===== fig31 - Reserve allocation Area 1 (Nordic) pl reserve =====
t	Reserve thermal generators [MW]	Reserve electrolyzers [MW]	Reserve storage [MW]
1	290.2060493444432	900.0	209.79394065555545
2	297.62322003333327	900.0	202.3767699666564
3	278.1823705222222	900.0	221.81761947777838
4	295.6363153333333	900.0	204.36367466666724
5	252.58917248888883	900.0	247.4108175111117
6	297.62322003333327	900.0	496.0327283333443
7	306.2786942111111	900.0	495.917352777788
8	9.999999406318238e-6	900.0	499.9999800000012
9	315.44542968888885	900.0	590.1698444194008
10	311.7055576555555	900.0	661.6457040130285
11	311.7055576555555	900.0	745.2391622589305
12	309.7383665444444	900.0	537.4916069332287
13	309.7383665444444	900.0	782.2257076611475
14	137.33323743333332	900.0	736.2175065291849
15	309.7383665444444	900.0	364.40969642365707
16	58.028761877777775	900.0	544.0330697505573
17	203.17995854444442	900.0	921.1579392987508
18	111.24340699999999	900.0	1086.5578178051435
19	297.0311872	900.0	920.5097121195034
20	315.44542968888885	900.0	711.6085978486858
21	309.7383665444444	900.0	638.8410764339369
22	309.7383665444444	900.0	468.9631328642008
23	309.7383665444444	900.0	320.31151281446455
24	302.42487513336005	900.0	197.57511486664052

===== fig32 - Reserve allocation Area 2 (GB) pl reserve =====
t	Reserve thermal generators [MW]	Reserve electrolyzers [MW]	Reserve storage [MW]
1	0.0	0.0	0.0
2	0.0	0.0	0.0
3	0.0	0.0	0.0
4	0.0	0.0	0.0
5	0.0	0.0	0.0
6	0.0	0.0	0.0
7	0.0	0.0	0.0
8	0.0	0.0	0.0
9	0.0	0.0	0.0
10	0.0	0.0	0.0
11	0.0	0.0	0.0
12	0.0	0.0	0.0
13	0.0	0.0	0.0
14	0.0	0.0	0.0
15	0.0	0.0	0.0
16	0.0	0.0	0.0
17	0.0	0.0	0.0
18	0.0	0.0	0.0
19	0.0	0.0	0.0
20	0.0	0.0	0.0
21	0.0	0.0	0.0
22	0.0	0.0	0.0
23	0.0	0.0	0.0
24	0.0	0.0	0.0

===== fig33 - Procured Inertia Area 1 (Nordic) =====
t	Inertia Area 1 (Nordic) [GW*s]
1	301.16564
2	308.28412000000003
3	308.28412000000003
4	308.28412000000003
5	308.28412000000003
6	308.28412000000003
7	321.79956
8	325.38888000000003
9	325.38888000000003
10	321.79956
11	321.79956
12	319.91156
13	319.91156
14	319.91156
15	319.91156
16	325.38888000000003
17	325.38888000000003
18	325.38888000000003
19	325.38888000000003
20	325.38888000000003
21	319.91156
22	319.91156
23	319.91156
24	319.91156

===== fig34 - Procured Inertia Area 2 (GB) =====
t	Inertia Area 2 (GB) [GW*s]
1	139.2
2	121.75
3	103.75
4	96.15
5	92.15
6	83.75
7	103.35
8	107.75
9	96.4
10	98.4
11	96.8
12	82.4
13	78.8
14	80.4
15	76.0
16	78.4
17	74.0
18	64.8
19	78.55
20	82.4
21	82.8
22	84.4
23	78.4
24	80.55

===== fig35 - Renewable Generation by type Area 1 (Nordic) =====
t	Reservoir Generation [MW]	Wind Generation [MW]	Solar Generation [MW]
1	15931.829311569725	22341.649104784938	0.0
2	24609.255025959676	23743.021336109272	0.0
3	23915.878072095395	23069.541377710782	0.0
4	24471.38921953711	22592.651682531796	0.0
5	27337.924861024574	23590.82246104438	0.0
6	36258.184595846265	27513.548778485492	0.0
7	39485.675546499995	30593.681115008654	0.0
8	40690.087533990365	33137.05121732105	0.0
9	39158.81560929119	33829.09904623917	1344.0999998646505
10	39957.843009063145	35452.28739246792	8064.599999187902
11	40445.17023462263	36664.33138183097	16129.199998375805
12	35912.51644886552	35854.02808243769	22849.69999769906
13	27417.8372620628	39274.86101316878	26880.0448944986
14	27537.864341777225	40506.83514925727	24193.799997563696
15	33827.77779264741	39386.02970768697	17473.29999824045
16	38786.488660232346	43824.695660080695	9408.699999052547
17	42070.97045172334	46530.43164188918	2688.199999729301
18	43585.91291149203	48920.23146179125	0.0
19	42065.78463428937	45844.078801878575	0.0
20	37832.33563917575	41265.27144074196	0.0
21	32115.57732470727	38125.54293379569	0.0
22	28686.371910410682	34943.69314452256	0.0
23	25190.861247059944	31849.374947823533	0.0
24	22465.954336159062	30735.21820379761	0.0

===== fig36 - Renewable Generation by type Area 2 (GB) =====
t	Reservoir Generation [MW]	Wind Generation [MW]	Solar Generation [MW]
1	0.0	21739.519879074003	0.0
2	0.0	22748.981746407208	0.0
3	0.0	21124.128755244135	0.0
4	0.0	21782.436549990387	0.0
5	0.0	22483.352778000004	0.0
6	0.0	25849.724509850406	0.0
7	0.0	28662.93859502319	0.0
8	0.0	30817.122681952802	0.0
9	0.0	33872.340172512035	0.0
10	0.0	35440.90009752496	0.0
11	0.0	36711.19656425185	0.0
12	0.0	37194.780093459085	0.0
13	0.0	38638.11866167931	0.0
14	0.0	40723.358854867496	0.0
15	0.0	42557.5862061498	0.0
16	0.0	42680.791179401334	0.0
17	0.0	49021.56968434277	0.0
18	0.0	49595.04412683082	0.0
19	0.0	48436.620402083114	0.0
20	0.0	43621.12665340317	0.0
21	0.0	39636.60232539013	0.0
22	0.0	36297.7266276813	0.0
23	0.0	32854.57606605615	0.0
24	0.0	30678.651000170004	0.0

===== fig37 - Headroom by Area =====
t	Area 1 (Nordic) [MW]	Area 2 (GB) [MW]
1	51435.08068843028	1600.0
2	44537.274974040345	4200.0
3	45230.65192790461	4200.0
4	44675.14078046288	4250.0
5	41808.60513897544	5450.0
6	32888.345404153726	5200.0
7	26468.914572939655	6650.0
8	19570.453313270817	4498.526555970875
9	15312.23173961543	750.0
10	20038.042213521636	1250.0000099999993
11	29249.993815878806	1100.0
12	36140.873551134464	461.08006608931055
13	44635.55273793722	1254.5821137999028
14	44515.525658222774	2135.855555412458
15	38225.61220735259	1153.407708127597
16	34499.302339767644	2400.0
17	29026.67624025078	750.0
18	27250.67279295242	600.0
19	29517.47794769005	3650.0
20	35453.45536082425	1750.0
21	39937.81267529274	600.0
22	43367.01808958933	1235.1939623654403
23	46862.52875294008	2129.800442564374
24	49587.43566384096	3400.0

===== fig38 - Load shedding Area 1 (Nordic) and Area 2 (GB) =====
t	Area 1 (Nordic) [MW]	Area 2 (GB) [MW]
1	0.0	0.0
2	0.0	0.0
3	0.0	0.0
4	0.0	0.0
5	0.0	0.0
6	0.0	0.0
7	0.0	0.0
8	0.0	0.0
9	0.0	0.0
10	0.0	0.0
11	0.0	0.0
12	0.0	0.0
13	0.0	0.0
14	0.0	0.0
15	0.0	0.0
16	0.0	0.0
17	0.0	0.0
18	0.0	0.0
19	0.0	0.0
20	0.0	0.0
21	0.0	0.0
22	0.0	0.0
23	0.0	0.0
24	0.0	0.0

===== fig39 - Reserve lg 2 and power loss reserve 1 =====
t	Reserve lg 2 [MW]	Power loss reserve 1 [MW]
1	1399.999989999999	1399.999989999999
2	1399.9999899999898	1399.9999899999898
3	1399.9999900000007	1399.9999900000007
4	1399.9999900000007	1399.9999900000007
5	1399.9999900000007	1399.9999900000007
6	1399.9999900000007	1399.9999900000007
7	1399.999989999999	1399.999989999999
8	1399.9999900000007	1399.9999900000007
9	1805.6152741082897	1805.6152741082897
10	1873.3512616685844	1873.3512616685844
11	1956.944719914486	1956.944719914486
12	1747.229973477673	1747.229973477673
13	1686.354461550025	1686.354461550025
14	1638.048138195848	1638.048138195848
15	1574.1480629681014	1574.1480629681014
16	1444.8065903061126	1444.8065903061126
17	2024.3378978431952	2024.3378978431952
18	1988.0406778051374	1988.0406778051374
19	2117.5408993195033	2117.5408993195033
20	1924.2024645203994	1924.2024645203994
21	1847.712186484938	1847.712186484938
22	1678.7014994086455	1678.7014994086455
23	1530.0498793589093	1530.0498793589093
24	1399.9999900000007	1399.9999900000007

