===== fig1 - Storage and Hydrogen flows Area 1 (Nordic) =====
t       Hydrogen injected [kg/h]Hydrogen stored [kg]    Hydrogen Electrolyzer [kg/h]Hydrogen consumed [kg/h]
1       1724.13                 8275.86                 1724.13                 0.0                     
2       0.0                     6704.98                 1724.13                 0.0                     
3       0.0                     7049.799                1724.13                 0.0                     
4       0.0                     7394.619                1724.13                 0.0                     
5       1724.13                 7739.439                1724.13                 0.0                     
6       0.0                     6168.558                1724.13                 0.0                     
7       0.0                     6513.378                1724.13                 0.0                     
8       0.0                     6858.198                1724.13                 0.0                     
9       1724.13                 7203.017                1724.13                 0.0                     
10      0.0                     5632.137                1724.13                 0.0                     
11      0.0                     5976.957                1724.13                 0.0                     
12      0.0                     6321.776                1724.13                 0.0                     
13      0.0                     6666.596                1724.13                 0.0                     
14      0.0                     7011.416                1724.13                 0.0                     
15      0.0                     7356.235                1724.13                 0.0                     
16      0.0                     7701.055                1724.13                 0.0                     
17      0.0                     8045.874                1724.13                 0.0                     
18      0.0                     8390.694                1724.13                 0.0                     
19      0.0                     8735.514                1724.13                 0.0                     
20      0.0                     9080.333                1724.13                 0.0                     
21      0.0                     9425.153                1724.13                 0.0                     
22      1724.13                 9769.973                1724.13                 0.0                     
23      551.585                 8199.092                1724.13                 0.0                     
24      0.0                     7931.04                 1724.13                 0.0                     

===== fig2 - Storage and Hydrogen flows Area 2 (GB) =====
t       Hydrogen injected [kg/h]Hydrogen stored [kg]    Hydrogen Electrolyzer [kg/h]Hydrogen consumed [kg/h]
1       3103.448                0.0                     17241.379               0.0                     
2       3103.448                0.0                     17241.379               0.0                     
3       3103.448                0.0                     17241.379               0.0                     
4       3103.448                0.0                     17241.379               0.0                     
5       3103.448                0.0                     17241.379               0.0                     
6       3103.448                0.0                     17241.379               0.0                     
7       3103.448                0.0                     17241.379               0.0                     
8       3103.448                0.0                     17241.379               0.0                     
9       3103.448                0.0                     17241.379               0.0                     
10      3103.448                0.0                     17241.379               0.0                     
11      3103.448                0.0                     17241.379               0.0                     
12      3103.448                0.0                     17241.379               0.0                     
13      3103.448                0.0                     17241.379               0.0                     
14      3103.448                0.0                     17241.379               0.0                     
15      3103.448                0.0                     17241.379               0.0                     
16      3103.448                0.0                     17241.379               0.0                     
17      3103.448                0.0                     17241.379               0.0                     
18      3103.448                0.0                     17241.379               0.0                     
19      3103.448                0.0                     17241.379               0.0                     
20      3103.448                0.0                     17241.379               0.0                     
21      3103.448                0.0                     17241.379               0.0                     
22      3103.448                0.0                     17241.379               0.0                     
23      3103.448                0.0                     17241.379               0.0                     
24      3103.448                0.0                     17241.379               0.0                     

===== fig3 - Energy and power flows of the storage Area 1 (Nordic) =====
t       charging power [MW]     discharging power [MW]  Energy stored [MWh]     
1       600.0                   0.0                     290.0                   
2       0.0                     0.0                     830.0                   
3       0.0                     0.0                     830.0                   
4       0.0                     369.259                 830.0                   
5       0.0                     0.0                     419.712                 
6       0.0                     0.0                     419.712                 
7       0.0                     0.0                     419.712                 
8       0.0                     0.0                     419.712                 
9       0.0                     0.0                     419.712                 
10      0.0                     0.0                     419.712                 
11      0.0                     116.741                 419.712                 
12      0.0                     0.0                     290.0                   
13      0.0                     0.0                     290.0                   
14      0.0                     0.0                     290.0                   
15      0.0                     0.0                     290.0                   
16      0.0                     0.0                     290.0                   
17      0.0                     0.0                     290.0                   
18      0.0                     0.0                     290.0                   
19      0.0                     0.0                     290.0                   
20      0.0                     0.0                     290.0                   
21      0.0                     0.0                     290.0                   
22      0.0                     0.0                     290.0                   
23      0.0                     0.0                     290.0                   
24      0.0                     0.0                     290.0                   

===== fig4 - Energy and power flows of the storage Area 2 (GB) =====
t       charging power [MW]     discharging power [MW]  Energy stored [MWh]     
1       0.0                     0.18                    290.0                   
2       0.0                     0.0                     289.8                   
3       0.0                     0.0                     289.8                   
4       0.0                     0.0                     289.8                   
5       0.0                     0.0                     289.8                   
6       0.0                     0.0                     289.8                   
7       0.0                     0.0                     289.8                   
8       0.0                     0.0                     289.8                   
9       0.0                     0.0                     289.8                   
10      0.0                     0.0                     289.8                   
11      0.0                     0.0                     289.8                   
12      0.0                     0.0                     289.8                   
13      0.222                   0.0                     289.8                   
14      0.0                     0.0                     290.0                   
15      0.0                     0.0                     290.0                   
16      0.0                     0.0                     290.0                   
17      0.0                     0.0                     290.0                   
18      0.0                     0.0                     290.0                   
19      0.0                     0.0                     290.0                   
20      0.0                     0.0                     290.0                   
21      0.0                     0.0                     290.0                   
22      0.0                     0.0                     290.0                   
23      0.0                     0.0                     290.0                   
24      0.0                     0.0                     290.0                   

===== fig5 - Generation by unit Area 1 (Nordic) =====
t       Generator 1 [MW]        Generator 2 [MW]        Generator 3 [MW]        
1       1400.0                  204.282                 161.5                   
2       1544.812                204.282                 161.5                   
3       1500.993                204.282                 161.5                   
4       1469.965                786.379                 161.5                   
5       1534.91                 1534.91                 161.5                   
6       1787.427                1808.255                161.5                   
7       1861.706                1861.706                1608.269                
8       1952.423                1952.423                1608.269                
9       1805.615                1805.615                1608.269                
10      1892.252                1892.252                1608.269                
11      1956.945                1956.945                1608.269                
12      1747.23                 1747.23                 161.5                   
13      1991.964                204.282                 161.5                   
14      1945.956                204.282                 161.5                   
15      1682.799                1682.799                161.5                   
16      1966.977                1966.977                161.5                   
17      2136.603                2034.326                1347.208                
18      2325.971                2034.326                1608.269                
19      2135.955                2034.326                861.592                 
20      1927.054                1927.054                161.5                   
21      1848.579                1278.97                 161.5                   
22      1678.701                1678.701                161.5                   
23      1530.05                 204.282                 161.5                   
24      1555.693                204.282                 161.5                   

===== fig6 - Generation by unit Area 2 (GB) =====
t       Generator 4 [MW]        Generator 5 [MW]        Generator 6 [MW]        
1       500.0                   500.0                   126.073                 
2       0.0                     0.0                     132.793                 
3       0.0                     0.0                     129.026                 
4       0.0                     0.0                     126.359                 
5       0.0                     0.0                     131.941                 
6       0.0                     0.0                     153.648                 
7       0.0                     0.0                     173.794                 
8       0.0                     250.0                   190.336                 
9       0.0                     500.0                   201.948                 
10      0.0                     500.0                   211.638                 
11      0.0                     500.0                   218.874                 
12      0.0                     500.0                   227.62                  
13      0.0                     500.0                   241.396                 
14      0.0                     500.0                   260.01                  
15      0.0                     0.0                     278.673                 
16      0.0                     0.0                     298.401                 
17      0.0                     0.0                     310.871                 
18      0.0                     0.0                     317.0                   
19      0.0                     0.0                     302.472                 
20      0.0                     0.0                     271.714                 
21      0.0                     0.0                     242.992                 
22      0.0                     0.0                     224.3                   
23      0.0                     0.0                     204.438                 
24      250.0                   0.0                     189.23                  

===== fig7 - Loss of power area 1 (Nordic) =====
t       Loss generator 1 [MW]   Loss converter 1 [MW]   Loss reserve Area 1 [MW]
1       1400.0                  1400.0                  1400.0                  
2       1544.812                1400.0                  1400.0                  
3       1500.993                1400.0                  1400.0                  
4       1469.965                1400.0                  1400.0                  
5       1534.91                 1400.0                  1400.0                  
6       1808.255                1400.0                  1400.0                  
7       1861.706                1400.0                  1400.0                  
8       1952.423                1400.0                  1400.0                  
9       1805.615                1400.0                  1805.615                
10      1892.252                1400.0                  1873.351                
11      1956.945                1400.0                  1956.945                
12      1747.23                 1400.0                  1747.23                 
13      1991.964                1400.0                  1686.354                
14      1945.956                1400.0                  1638.048                
15      1682.799                1400.0                  1574.148                
16      1966.977                1400.0                  1444.807                
17      2136.603                1400.0                  2024.338                
18      2325.971                1400.0                  1988.041                
19      2135.955                1400.0                  2117.541                
20      1927.054                1400.0                  1924.202                
21      1848.579                1400.0                  1847.712                
22      1678.701                1400.0                  1678.701                
23      1530.05                 1400.0                  1530.05                 
24      1555.693                1400.0                  1400.0                  

===== fig8 - Loss of power area 2 (GB) =====
t       Loss generator 2 [MW]   Loss converter 2 [MW]   Loss reserve Area 2 [MW]
1       1400.0                  0.0                     0.0                     
2       1400.0                  0.0                     0.0                     
3       1400.0                  0.0                     0.0                     
4       1400.0                  0.0                     0.0                     
5       1400.0                  0.0                     0.0                     
6       1400.0                  0.0                     0.0                     
7       1400.0                  0.0                     0.0                     
8       1400.0                  0.0                     0.0                     
9       1805.615                0.0                     0.0                     
10      1873.351                0.0                     0.0                     
11      1956.945                0.0                     0.0                     
12      1747.23                 0.0                     0.0                     
13      1686.354                0.0                     0.0                     
14      1638.048                0.0                     0.0                     
15      1574.148                0.0                     0.0                     
16      1444.807                0.0                     0.0                     
17      2024.338                0.0                     0.0                     
18      1988.041                0.0                     0.0                     
19      2117.541                0.0                     0.0                     
20      1924.202                0.0                     0.0                     
21      1847.712                0.0                     0.0                     
22      1678.702                0.0                     0.0                     
23      1530.05                 0.0                     0.0                     
24      1400.0                  0.0                     0.0                     

===== fig9 - Reserve allocation Area 1 (Nordic) plg =====
t       Reserve thermal generators [MW]Reserve electrolyzers [MW]Reserve HVDC [MW]       Reserve storage [MW]    
1       290.206                 900.0                   0.0                     209.794                 
2       297.623                 900.0                   0.0                     347.189                 
3       297.623                 900.0                   0.0                     303.37                  
4       297.623                 900.0                   0.0                     272.342                 
5       297.623                 900.0                   0.0                     337.286                 
6       297.623                 900.0                   0.0                     610.631                 
7       311.706                 900.0                   0.0                     650.0                   
8       315.445                 900.0                   0.0                     736.978                 
9       315.445                 900.0                   0.0                     590.17                  
10      311.706                 900.0                   0.0                     680.547                 
11      311.706                 900.0                   0.0                     745.239                 
12      309.738                 900.0                   0.0                     537.492                 
13      309.738                 900.0                   0.0                     782.226                 
14      309.738                 900.0                   0.0                     736.218                 
15      309.738                 900.0                   0.0                     473.061                 
16      315.445                 900.0                   0.0                     751.531                 
17      315.445                 900.0                   0.0                     921.158                 
18      315.445                 900.0                   0.0                     1110.526                
19      315.445                 900.0                   0.0                     920.51                  
20      315.445                 900.0                   0.0                     711.609                 
21      309.738                 900.0                   0.0                     638.841                 
22      309.738                 900.0                   0.0                     468.963                 
23      309.738                 900.0                   0.0                     320.312                 
24      309.738                 900.0                   0.0                     345.954                 

===== fig10 - Reserve allocation Area 1 (Nordic) plc =====
t       Reserve thermal generators [MW]Reserve electrolyzers [MW]Reserve HVDC [MW]       Reserve storage [MW]    
1       290.206                 900.0                   0.0                     209.794                 
2       294.594                 900.0                   0.0                     347.189                 
3       292.346                 900.0                   0.0                     303.37                  
4       297.623                 900.0                   0.0                     272.342                 
5       278.591                 900.0                   0.0                     337.286                 
6       51.316                  900.0                   0.0                     448.684                 
7       51.316                  900.0                   0.0                     448.684                 
8       293.164                 900.0                   0.0                     496.092                 
9       37.073                  900.0                   0.0                     499.506                 
10      10.005                  900.0                   0.0                     499.867                 
11      0.0                     900.0                   0.0                     500.0                   
12      309.738                 900.0                   0.0                     190.262                 
13      0.0                     900.0                   0.0                     500.0                   
14      0.0                     900.0                   0.0                     500.0                   
15      296.572                 900.0                   0.0                     203.428                 
16      0.0                     900.0                   0.0                     500.0                   
17      0.0                     900.0                   0.0                     500.0                   
18      0.0                     900.0                   0.0                     500.0                   
19      0.0                     900.0                   0.0                     500.0                   
20      0.0                     900.0                   0.0                     500.0                   
21      309.738                 900.0                   0.0                     190.262                 
22      309.738                 900.0                   0.0                     190.262                 
23      188.209                 900.0                   0.0                     311.791                 
24      303.778                 900.0                   0.0                     196.223                 

===== fig11 - Reserve allocation Area 2 (GB) plg =====
t       Reserve thermal generators [MW]Reserve electrolyzers [MW]Reserve HVDC [MW]       Reserve storage [MW]    
1       0.0                     0.0                     1400.0                  0.0                     
2       0.0                     0.0                     1400.0                  0.0                     
3       0.0                     0.0                     1400.0                  0.0                     
4       0.0                     0.0                     1400.0                  0.0                     
5       0.0                     0.0                     1400.0                  0.0                     
6       0.0                     0.0                     1400.0                  0.0                     
7       0.0                     0.0                     1400.0                  0.0                     
8       0.0                     0.0                     1400.0                  0.0                     
9       0.0                     0.0                     1805.615                0.0                     
10      0.0                     0.0                     1873.351                0.0                     
11      0.0                     0.0                     1956.945                0.0                     
12      0.0                     0.0                     1747.23                 0.0                     
13      0.0                     0.0                     1686.354                0.0                     
14      0.0                     0.0                     1638.048                0.0                     
15      0.0                     0.0                     1574.148                0.0                     
16      0.0                     0.0                     1444.807                0.0                     
17      0.0                     0.0                     2024.338                0.0                     
18      0.0                     0.0                     1988.041                0.0                     
19      0.0                     0.0                     2117.541                0.0                     
20      0.0                     0.0                     1924.202                0.0                     
21      0.0                     0.0                     1847.712                0.0                     
22      0.0                     0.0                     1678.701                0.0                     
23      0.0                     0.0                     1530.05                 0.0                     
24      0.0                     0.0                     1400.0                  0.0                     

===== fig12 - Reserve allocation Area 2 (GB) plc =====
t       Reserve thermal generators [MW]Reserve electrolyzers [MW]Reserve HVDC [MW]       Reserve storage [MW]    
1       0.0                     0.0                     0.0                     0.0                     
2       0.0                     0.0                     0.0                     0.0                     
3       0.0                     0.0                     0.0                     0.0                     
4       0.0                     0.0                     0.0                     0.0                     
5       0.0                     0.0                     0.0                     0.0                     
6       0.0                     0.0                     0.0                     0.0                     
7       0.0                     0.0                     0.0                     0.0                     
8       0.0                     0.0                     0.0                     0.0                     
9       0.0                     0.0                     0.0                     0.0                     
10      0.0                     0.0                     0.0                     0.0                     
11      0.0                     0.0                     0.0                     0.0                     
12      0.0                     0.0                     0.0                     0.0                     
13      0.0                     0.0                     0.0                     0.0                     
14      0.0                     0.0                     0.0                     0.0                     
15      0.0                     0.0                     0.0                     0.0                     
16      0.0                     0.0                     0.0                     0.0                     
17      0.0                     0.0                     0.0                     0.0                     
18      0.0                     0.0                     0.0                     0.0                     
19      0.0                     0.0                     0.0                     0.0                     
20      0.0                     0.0                     0.0                     0.0                     
21      0.0                     0.0                     0.0                     0.0                     
22      0.0                     0.0                     0.0                     0.0                     
23      0.0                     0.0                     0.0                     0.0                     
24      0.0                     0.0                     0.0                     0.0                     

===== fig13 - HVDC power flows =====
t       Flow HVDC 1-2 [MW]      
1       -1400.0                 
2       -1400.0                 
3       -1400.0                 
4       -1400.0                 
5       -1400.0                 
6       -1400.0                 
7       -1400.0                 
8       -1400.0                 
9       -1400.0                 
10      -1400.0                 
11      -1400.0                 
12      -1400.0                 
13      -1400.0                 
14      -1400.0                 
15      -1400.0                 
16      -1400.0                 
17      -1400.0                 
18      -1400.0                 
19      -1400.0                 
20      -1400.0                 
21      -1400.0                 
22      -1400.0                 
23      -1400.0                 
24      -1400.0                 

===== fig14 - Sum Of Power Flows HVDC Links =====
t       Sum Of Flows 12 [MW]    
1       -1400.0                 
2       -1400.0                 
3       -1400.0                 
4       -1400.0                 
5       -1400.0                 
6       -1400.0                 
7       -1400.0                 
8       -1400.0                 
9       -1400.0                 
10      -1400.0                 
11      -1400.0                 
12      -1400.0                 
13      -1400.0                 
14      -1400.0                 
15      -1400.0                 
16      -1400.0                 
17      -1400.0                 
18      -1400.0                 
19      -1400.0                 
20      -1400.0                 
21      -1400.0                 
22      -1400.0                 
23      -1400.0                 
24      -1400.0                 

===== fig15 - Demand without Electrolyzers and BESS =====
t       Total Demand Area 1 (Nordic) [MW]Total Demand Area 2 (GB) [MW]
1       40579.417               37500.0                 
2       50885.301               37500.0                 
3       49597.065               35000.0                 
4       49597.065               33750.0                 
5       53461.772               31875.0                 
6       66344.126               33750.0                 
7       79226.481               40000.0                 
8       89532.364               48750.0                 
9       95973.542               48750.0                 
10      98550.013               50000.0                 
11      98550.013               51250.0                 
12      97261.777               49625.0                 
13      95973.542               49750.0                 
14      94685.306               49837.5                 
15      93397.071               50000.0                 
16      94685.306               51250.0                 
17      95973.542               58125.0                 
18      97261.777               57500.0                 
19      92108.835               55000.0                 
20      81802.952               54375.0                 
21      72785.303               53750.0                 
22      66344.126               47500.0                 
23      59902.949               41250.0                 
24      56038.242               39750.0                 

===== fig16 - Demand with Electrolyzers and BESS =====
t       Demand Area 1 (Nordic) [MW]Demand Area 2 (GB) [MW] 
1       41285.175               38533.796               
2       50988.179               38533.976               
3       49699.944               36033.976               
4       49330.685               34783.976               
5       53567.53                32908.976               
6       66447.005               34783.976               
7       79329.36                41033.976               
8       89635.243               49783.976               
9       96079.3                 49783.976               
10      98652.891               51033.976               
11      98536.15                52283.976               
12      97364.656               50658.976               
13      96076.421               50784.198               
14      94788.185               50871.476               
15      93499.95                51033.976               
16      94788.185               52283.976               
17      96076.421               59158.976               
18      97364.656               58533.976               
19      92211.714               56033.976               
20      81905.831               55408.976               
21      72888.182               54783.976               
22      66449.884               48533.976               
23      60006.749               42283.976               
24      56141.121               40783.976               

===== fig22 - Flow+Reserve =====
t       -Flow12 + Reserve(lg) Converter 1 [MW]Flow12 + Reserve(lg) Converter 2 [MW]-Flow12 + Reserve(lc) Converter 1 [MW]Flow12 + Reserve(lc) Converter 2 [MW]
1       1400.0                  -0.0                    1400.0                  -1400.0                 
2       1400.0                  -0.0                    1400.0                  -1400.0                 
3       1400.0                  -0.0                    1400.0                  -1400.0                 
4       1400.0                  -0.0                    1400.0                  -1400.0                 
5       1400.0                  -0.0                    1400.0                  -1400.0                 
6       1400.0                  -0.0                    1400.0                  -1400.0                 
7       1400.0                  -0.0                    1400.0                  -1400.0                 
8       1400.0                  -0.0                    1400.0                  -1400.0                 
9       1400.0                  405.615                 1400.0                  -1400.0                 
10      1400.0                  473.351                 1400.0                  -1400.0                 
11      1400.0                  556.945                 1400.0                  -1400.0                 
12      1400.0                  347.23                  1400.0                  -1400.0                 
13      1400.0                  286.354                 1400.0                  -1400.0                 
14      1400.0                  238.048                 1400.0                  -1400.0                 
15      1400.0                  174.148                 1400.0                  -1400.0                 
16      1400.0                  44.806                  1400.0                  -1400.0                 
17      1400.0                  624.338                 1400.0                  -1400.0                 
18      1400.0                  588.041                 1400.0                  -1400.0                 
19      1400.0                  717.541                 1400.0                  -1400.0                 
20      1400.0                  524.202                 1400.0                  -1400.0                 
21      1400.0                  447.712                 1400.0                  -1400.0                 
22      1400.0                  278.701                 1400.0                  -1400.0                 
23      1400.0                  130.05                  1400.0                  -1400.0                 
24      1400.0                  -0.0                    1400.0                  -1400.0                 

===== fig23 - Reserve per converter Area 1 (Nordic) plg =====
t       Reserve Converter 1 [MW]
1       0.0                     
2       0.0                     
3       0.0                     
4       0.0                     
5       0.0                     
6       0.0                     
7       0.0                     
8       0.0                     
9       0.0                     
10      0.0                     
11      0.0                     
12      0.0                     
13      0.0                     
14      0.0                     
15      0.0                     
16      0.0                     
17      0.0                     
18      0.0                     
19      0.0                     
20      0.0                     
21      0.0                     
22      0.0                     
23      0.0                     
24      0.0                     

===== fig24 - Reserve per converter Area 1 (Nordic) plc =====
t       Reserve Converter 1 [MW]
1       0.0                     
2       0.0                     
3       0.0                     
4       0.0                     
5       0.0                     
6       0.0                     
7       0.0                     
8       0.0                     
9       0.0                     
10      0.0                     
11      0.0                     
12      0.0                     
13      0.0                     
14      0.0                     
15      0.0                     
16      0.0                     
17      0.0                     
18      0.0                     
19      0.0                     
20      0.0                     
21      0.0                     
22      0.0                     
23      0.0                     
24      0.0                     

===== fig25 - Reserve per converter Area 2 (GB) plg =====
t       Reserve Converter 2 [MW]
1       1400.0                  
2       1400.0                  
3       1400.0                  
4       1400.0                  
5       1400.0                  
6       1400.0                  
7       1400.0                  
8       1400.0                  
9       1805.615                
10      1873.351                
11      1956.945                
12      1747.23                 
13      1686.354                
14      1638.048                
15      1574.148                
16      1444.807                
17      2024.338                
18      1988.041                
19      2117.541                
20      1924.202                
21      1847.712                
22      1678.701                
23      1530.05                 
24      1400.0                  

===== fig26 - Reserve per converter Area 2 (GB) plc =====
t       Reserve Converter 2 [MW]
1       0.0                     
2       0.0                     
3       0.0                     
4       0.0                     
5       0.0                     
6       0.0                     
7       0.0                     
8       0.0                     
9       0.0                     
10      0.0                     
11      0.0                     
12      0.0                     
13      0.0                     
14      0.0                     
15      0.0                     
16      0.0                     
17      0.0                     
18      0.0                     
19      0.0                     
20      0.0                     
21      0.0                     
22      0.0                     
23      0.0                     
24      0.0                     

===== fig29 - Power per converter =====
t       Converter 1 AC power [MW]Converter 2 AC power [MW]
1       1400.0                  -1400.0                 
2       1400.0                  -1400.0                 
3       1400.0                  -1400.0                 
4       1400.0                  -1400.0                 
5       1400.0                  -1400.0                 
6       1400.0                  -1400.0                 
7       1400.0                  -1400.0                 
8       1400.0                  -1400.0                 
9       1400.0                  -1400.0                 
10      1400.0                  -1400.0                 
11      1400.0                  -1400.0                 
12      1400.0                  -1400.0                 
13      1400.0                  -1400.0                 
14      1400.0                  -1400.0                 
15      1400.0                  -1400.0                 
16      1400.0                  -1400.0                 
17      1400.0                  -1400.0                 
18      1400.0                  -1400.0                 
19      1400.0                  -1400.0                 
20      1400.0                  -1400.0                 
21      1400.0                  -1400.0                 
22      1400.0                  -1400.0                 
23      1400.0                  -1400.0                 
24      1400.0                  -1400.0                 

===== fig30 - Failure binary variable (delta hvdc) =====
t       HVDC 1                  HVDC 2                  
1       1.0                     1.0                     
2       1.0                     1.0                     
3       1.0                     1.0                     
4       1.0                     1.0                     
5       1.0                     1.0                     
6       1.0                     1.0                     
7       1.0                     1.0                     
8       1.0                     1.0                     
9       1.0                     1.0                     
10      1.0                     1.0                     
11      1.0                     1.0                     
12      1.0                     1.0                     
13      1.0                     1.0                     
14      1.0                     1.0                     
15      1.0                     1.0                     
16      1.0                     1.0                     
17      1.0                     1.0                     
18      1.0                     1.0                     
19      1.0                     1.0                     
20      1.0                     1.0                     
21      1.0                     1.0                     
22      1.0                     1.0                     
23      1.0                     1.0                     
24      1.0                     1.0                     

===== fig31 - Reserve allocation Area 1 (Nordic) pl reserve =====
t       Reserve thermal generators [MW]Reserve electrolyzers [MW]Reserve storage [MW]    
1       290.206                 900.0                   209.794                 
2       297.623                 900.0                   202.377                 
3       278.182                 900.0                   221.818                 
4       295.636                 900.0                   204.364                 
5       252.589                 900.0                   247.411                 
6       297.623                 900.0                   496.033                 
7       306.279                 900.0                   495.917                 
8       0.0                     900.0                   500.0                   
9       315.445                 900.0                   590.17                  
10      311.706                 900.0                   661.646                 
11      311.706                 900.0                   745.239                 
12      309.738                 900.0                   537.492                 
13      309.738                 900.0                   782.226                 
14      137.333                 900.0                   736.218                 
15      309.738                 900.0                   364.41                  
16      58.029                  900.0                   544.033                 
17      203.18                  900.0                   921.158                 
18      111.243                 900.0                   1086.558                
19      297.031                 900.0                   920.51                  
20      315.445                 900.0                   711.609                 
21      309.738                 900.0                   638.841                 
22      309.738                 900.0                   468.963                 
23      309.738                 900.0                   320.312                 
24      302.425                 900.0                   197.575                 

===== fig32 - Reserve allocation Area 2 (GB) pl reserve =====
t       Reserve thermal generators [MW]Reserve electrolyzers [MW]Reserve storage [MW]    
1       0.0                     0.0                     0.0                     
2       0.0                     0.0                     0.0                     
3       0.0                     0.0                     0.0                     
4       0.0                     0.0                     0.0                     
5       0.0                     0.0                     0.0                     
6       0.0                     0.0                     0.0                     
7       0.0                     0.0                     0.0                     
8       0.0                     0.0                     0.0                     
9       0.0                     0.0                     0.0                     
10      0.0                     0.0                     0.0                     
11      0.0                     0.0                     0.0                     
12      0.0                     0.0                     0.0                     
13      0.0                     0.0                     0.0                     
14      0.0                     0.0                     0.0                     
15      0.0                     0.0                     0.0                     
16      0.0                     0.0                     0.0                     
17      0.0                     0.0                     0.0                     
18      0.0                     0.0                     0.0                     
19      0.0                     0.0                     0.0                     
20      0.0                     0.0                     0.0                     
21      0.0                     0.0                     0.0                     
22      0.0                     0.0                     0.0                     
23      0.0                     0.0                     0.0                     
24      0.0                     0.0                     0.0                     

===== fig33 - Procured Inertia Area 1 (Nordic) =====
t       Inertia Area 1 (Nordic) [GW*s]
1       301.166                 
2       308.284                 
3       308.284                 
4       308.284                 
5       308.284                 
6       308.284                 
7       321.8                   
8       325.389                 
9       325.389                 
10      321.8                   
11      321.8                   
12      319.912                 
13      319.912                 
14      319.912                 
15      319.912                 
16      325.389                 
17      325.389                 
18      325.389                 
19      325.389                 
20      325.389                 
21      319.912                 
22      319.912                 
23      319.912                 
24      319.912                 

===== fig34 - Procured Inertia Area 2 (GB) =====
t       Inertia Area 2 (GB) [GW*s]
1       139.2                   
2       121.75                  
3       103.75                  
4       96.15                   
5       92.15                   
6       83.75                   
7       103.35                  
8       107.75                  
9       96.4                    
10      98.4                    
11      96.8                    
12      82.4                    
13      78.8                    
14      80.4                    
15      76.0                    
16      78.4                    
17      74.0                    
18      64.8                    
19      78.55                   
20      82.4                    
21      82.8                    
22      84.4                    
23      78.4                    
24      80.55                   

===== fig35 - Renewable Generation by type Area 1 (Nordic) =====
t       Reservoir Generation [MW]Wind Generation [MW]    Solar Generation [MW]   
1       15931.829               22341.649               0.0                     
2       24609.255               23743.021               0.0                     
3       23915.878               23069.541               0.0                     
4       24471.389               22592.652               0.0                     
5       27337.925               23590.822               0.0                     
6       36258.185               27513.549               0.0                     
7       39485.676               30593.681               0.0                     
8       40690.088               33137.051               0.0                     
9       39158.816               33829.099               1344.1                  
10      39957.843               35452.287               8064.6                  
11      40445.17                36664.331               16129.2                 
12      35912.516               35854.028               22849.7                 
13      27417.837               39274.861               26880.045               
14      27537.864               40506.835               24193.8                 
15      33827.778               39386.03                17473.3                 
16      38786.489               43824.696               9408.7                  
17      42070.97                46530.432               2688.2                  
18      43585.913               48920.231               0.0                     
19      42065.785               45844.079               0.0                     
20      37832.336               41265.271               0.0                     
21      32115.577               38125.543               0.0                     
22      28686.372               34943.693               0.0                     
23      25190.861               31849.375               0.0                     
24      22465.954               30735.218               0.0                     

===== fig36 - Renewable Generation by type Area 2 (GB) =====
t       Reservoir Generation [MW]Wind Generation [MW]    Solar Generation [MW]   
1       0.0                     21739.52                0.0                     
2       0.0                     22748.982               0.0                     
3       0.0                     21124.129               0.0                     
4       0.0                     21782.437               0.0                     
5       0.0                     22483.353               0.0                     
6       0.0                     25849.725               0.0                     
7       0.0                     28662.939               0.0                     
8       0.0                     30817.123               0.0                     
9       0.0                     33872.34                0.0                     
10      0.0                     35440.9                 0.0                     
11      0.0                     36711.197               0.0                     
12      0.0                     37194.78                0.0                     
13      0.0                     38638.119               0.0                     
14      0.0                     40723.359               0.0                     
15      0.0                     42557.586               0.0                     
16      0.0                     42680.791               0.0                     
17      0.0                     49021.57                0.0                     
18      0.0                     49595.044               0.0                     
19      0.0                     48436.62                0.0                     
20      0.0                     43621.127               0.0                     
21      0.0                     39636.602               0.0                     
22      0.0                     36297.727               0.0                     
23      0.0                     32854.576               0.0                     
24      0.0                     30678.651               0.0                     

===== fig37 - Headroom by Area =====
t       Area 1 (Nordic) [MW]    Area 2 (GB) [MW]        
1       51435.081               1600.0                  
2       44537.275               4200.0                  
3       45230.652               4200.0                  
4       44675.141               4250.0                  
5       41808.605               5450.0                  
6       32888.345               5200.0                  
7       26468.915               6650.0                  
8       19570.453               4498.527                
9       15312.232               750.0                   
10      20038.042               1250.0                  
11      29249.994               1100.0                  
12      36140.874               461.08                  
13      44635.553               1254.582                
14      44515.526               2135.856                
15      38225.612               1153.408                
16      34499.302               2400.0                  
17      29026.676               750.0                   
18      27250.673               600.0                   
19      29517.478               3650.0                  
20      35453.455               1750.0                  
21      39937.813               600.0                   
22      43367.018               1235.194                
23      46862.529               2129.8                  
24      49587.436               3400.0                  

===== fig38 - Load shedding Area 1 (Nordic) and Area 2 (GB) =====
t       Area 1 (Nordic) [MW]    Area 2 (GB) [MW]        
1       0.0                     0.0                     
2       0.0                     0.0                     
3       0.0                     0.0                     
4       0.0                     0.0                     
5       0.0                     0.0                     
6       0.0                     0.0                     
7       0.0                     0.0                     
8       0.0                     0.0                     
9       0.0                     0.0                     
10      0.0                     0.0                     
11      0.0                     0.0                     
12      0.0                     0.0                     
13      0.0                     0.0                     
14      0.0                     0.0                     
15      0.0                     0.0                     
16      0.0                     0.0                     
17      0.0                     0.0                     
18      0.0                     0.0                     
19      0.0                     0.0                     
20      0.0                     0.0                     
21      0.0                     0.0                     
22      0.0                     0.0                     
23      0.0                     0.0                     
24      0.0                     0.0                     

===== fig39 - Reserve lg 2 and power loss reserve 1 =====
t       Reserve lg 2 [MW]       Power loss reserve 1 [MW]
1       1400.0                  1400.0                  
2       1400.0                  1400.0                  
3       1400.0                  1400.0                  
4       1400.0                  1400.0                  
5       1400.0                  1400.0                  
6       1400.0                  1400.0                  
7       1400.0                  1400.0                  
8       1400.0                  1400.0                  
9       1805.615                1805.615                
10      1873.351                1873.351                
11      1956.945                1956.945                
12      1747.23                 1747.23                 
13      1686.354                1686.354                
14      1638.048                1638.048                
15      1574.148                1574.148                
16      1444.807                1444.807                
17      2024.338                2024.338                
18      1988.041                1988.041                
19      2117.541                2117.541                
20      1924.202                1924.202                
21      1847.712                1847.712                
22      1678.701                1678.701                
23      1530.05                 1530.05                 
24      1400.0                  1400.0                  

===== fig41 - Renewable curtailment Area 1 (Nordic) =====
t       Solar Curtailment [MW]  Wind Curtailment [MW]   
1       -0.0                    486.729                 
2       -0.0                    302.091                 
3       -0.0                    293.523                 
4       -0.0                    287.455                 
5       -0.0                    300.155                 
6       -0.0                    307.88                  
7       -0.0                    875.617                 
8       -0.0                    1327.61                 
9       -0.0                    2738.226                
10      0.0                     2869.611                
11      0.0                     2967.717                
12      -0.0                    5361.761                
13      1.955                   4435.352                
14      -0.0                    6573.804                
15      0.0                     11074.027               
16      0.0                     10207.447               
17      0.0                     9759.794                
18      -0.0                    8479.769                
19      -0.0                    8925.345                
20      -0.0                    7934.729                
21      -0.0                    5873.674                
22      -0.0                    5670.969                
23      -0.0                    5168.795                
24      -0.0                    3529.067                

===== fig42 - Renewable curtailment Area 2 (GB) =====
t       Solar Curtailment [MW]  Wind Curtailment [MW]   
1       0.0                     262.343                 
2       0.0                     425.564                 
3       0.0                     1393.062                
4       0.0                     269.283                 
5       0.0                     542.638                 
6       0.0                     964.413                 
7       0.0                     1666.996                
8       0.0                     2399.726                
9       0.0                     1371.043                
10      0.0                     1493.532                
11      0.0                     1485.951                
12      0.0                     2528.768                
13      0.0                     3489.541                
14      0.0                     4652.699                
15      0.0                     6075.535                
16      0.0                     9395.087                
17      0.0                     5230.636                
18      0.0                     5726.756                
19      0.0                     4349.845                
20      0.0                     3797.559                
21      0.0                     2769.598                
22      0.0                     2846.458                
23      0.0                     2823.33                 
24      0.0                     2345.077                

===== fig43 - Total generation by technology Area 1 (Nordic) =====
t       Nuclear [MW]            Gas [MW]                Biomass [MW]            Oil [MW]                Reservoir (Hydro) [MW]  Pump [MW]               Solar [MW]              Wind [MW]               
1       2264.0                  0.0                     0.0                     0.0                     15931.829               0.0                     0.0                     22341.649               
2       2264.0                  0.0                     0.0                     0.0                     24609.255               0.0                     0.0                     23743.021               
3       2264.0                  0.0                     0.0                     0.0                     23915.878               0.0                     0.0                     23069.541               
4       2264.0                  0.0                     0.0                     0.0                     24471.389               0.0                     0.0                     22592.652               
5       2264.0                  0.0                     0.0                     0.0                     27337.925               0.0                     0.0                     23590.822               
6       2264.0                  0.0                     0.0                     0.0                     36258.185               0.0                     0.0                     27513.549               
7       8787.602                0.0                     0.0                     0.0                     39485.676               47.198                  0.0                     30593.681               
8       15289.25                0.0                     0.0                     0.0                     40690.088               136.929                 0.0                     33137.051               
9       21078.744               0.0                     0.0                     0.0                     39158.816               136.929                 1344.1                  33829.099               
10      14746.307               0.0                     0.0                     0.0                     39957.843               47.198                  8064.6                  35452.287               
11      5047.028                0.0                     0.0                     0.0                     40445.17                47.198                  16129.2                 36664.331               
12      2264.0                  0.0                     0.0                     0.0                     35912.516               0.0                     22849.7                 35854.028               
13      2264.0                  0.0                     0.0                     0.0                     27417.837               0.0                     26880.045               39274.861               
14      2264.0                  0.0                     0.0                     0.0                     27537.864               0.0                     24193.8                 40506.835               
15      2264.0                  0.0                     0.0                     0.0                     33827.778               0.0                     17473.3                 39386.03                
16      2264.0                  0.0                     0.0                     0.0                     38786.489               136.929                 9408.7                  43824.696               
17      4452.144                0.0                     0.0                     0.0                     42070.97                136.929                 2688.2                  46530.432               
18      4713.205                0.0                     0.0                     0.0                     43585.913               136.929                 0.0                     48920.231               
19      3966.528                0.0                     0.0                     0.0                     42065.785               136.929                 0.0                     45844.079               
20      2264.0                  0.0                     0.0                     0.0                     37832.336               136.929                 0.0                     41265.271               
21      2264.0                  0.0                     0.0                     0.0                     32115.577               0.0                     0.0                     38125.543               
22      2264.0                  0.0                     0.0                     0.0                     28686.372               0.0                     0.0                     34943.693               
23      2264.0                  0.0                     0.0                     0.0                     25190.861               0.0                     0.0                     31849.375               
24      2264.0                  0.0                     0.0                     0.0                     22465.954               0.0                     0.0                     30735.218               

===== fig44 - Total generation by technology Area 2 (GB) =====
t       Nuclear [MW]            Gas [MW]                Biomass [MW]            Oil [MW]                Reservoir (Hydro) [MW]  Pump [MW]               Solar [MW]              Wind [MW]               
1       5600.0                  25800.0                 0.0                     0.0                     0.0                     0.0                     0.0                     21739.52                
2       5600.0                  19000.0                 0.0                     0.0                     0.0                     0.0                     0.0                     22748.982               
3       5600.0                  14500.0                 0.0                     0.0                     0.0                     0.0                     0.0                     21124.129               
4       5600.0                  12550.0                 0.0                     0.0                     0.0                     0.0                     0.0                     21782.437               
5       5600.0                  10350.0                 0.0                     0.0                     0.0                     0.0                     0.0                     22483.353               
6       5600.0                  8500.0                  0.0                     0.0                     0.0                     0.0                     0.0                     25849.725               
7       5600.0                  11950.0                 0.0                     0.0                     0.0                     0.0                     0.0                     28662.939               
8       5600.0                  14100.0                 0.0                     0.0                     0.0                     1101.473                0.0                     30817.123               
9       7200.0                  14350.0                 0.0                     0.0                     0.0                     0.0                     0.0                     33872.34                
10      7200.0                  14350.0                 0.0                     0.0                     0.0                     0.0                     0.0                     35440.9                 
11      7200.0                  14100.0                 0.0                     0.0                     0.0                     0.0                     0.0                     36711.197               
12      6988.92                 11350.0                 0.0                     0.0                     0.0                     0.0                     0.0                     37194.78                
13      6745.418                9900.0                  0.0                     0.0                     0.0                     0.0                     0.0                     38638.119               
14      6314.144                9850.0                  0.0                     0.0                     0.0                     0.0                     0.0                     40723.359               
15      6296.592                9750.0                  0.0                     0.0                     0.0                     0.0                     0.0                     42557.586               
16      5600.0                  9800.0                  0.0                     0.0                     0.0                     0.0                     0.0                     42680.791               
17      7200.0                  8750.0                  0.0                     0.0                     0.0                     0.0                     0.0                     49021.57                
18      7200.0                  6600.0                  0.0                     0.0                     0.0                     0.0                     0.0                     49595.044               
19      7200.0                  7150.0                  0.0                     0.0                     0.0                     0.0                     0.0                     48436.62                
20      7200.0                  9850.0                  0.0                     0.0                     0.0                     0.0                     0.0                     43621.127               
21      7200.0                  11100.0                 0.0                     0.0                     0.0                     0.0                     0.0                     39636.602               
22      6714.806                11350.0                 0.0                     0.0                     0.0                     0.0                     0.0                     36297.727               
23      6120.2                  9550.0                  0.0                     0.0                     0.0                     0.0                     0.0                     32854.576               
24      5600.0                  8100.0                  0.0                     0.0                     0.0                     1400.0                  0.0                     30678.651               

===== Total energy generated by technology (sum over all hours) =====
technology          Area 1 (Nordic) [MWh]   Area 2 (GB) [MWh]       
Nuclear             114304.808              152780.08               
Gas                 0.0                     282650.0                
Biomass             0.0                     0.0                     
Oil                 0.0                     0.0                     
Reservoir (Hydro)   789758.306              0.0                     
Pump                1100.097                2501.473                
Solar               129031.645              0.0                     
Wind                829587.977              833169.194              

