===== fig1 - Storage and Hydrogen flows Area 1 (Nordic) =====
t       Hydrogen injected [kg/h]Hydrogen stored [kg]    Hydrogen Electrolyzer [kg/h]Hydrogen consumed [kg/h]
1       1724.13                 8275.86                 1724.13                 0.0                     
2       0.0                     6704.98                 1724.13                 0.0                     
3       0.0                     7049.799                1724.13                 0.0                     
4       0.0                     7394.619                1724.13                 0.0                     
5       0.0                     7739.439                1724.13                 0.0                     
6       0.0                     8084.258                1724.13                 0.0                     
7       1724.13                 8429.078                1724.13                 0.0                     
8       0.0                     6858.198                1724.13                 0.0                     
9       0.0                     7203.017                1724.13                 0.0                     
10      0.0                     7547.837                1724.13                 0.0                     
11      0.0                     7892.657                1724.13                 0.0                     
12      0.0                     8237.476                1724.13                 0.0                     
13      0.0                     8582.296                1724.13                 0.0                     
14      0.0                     8927.116                1724.13                 0.0                     
15      0.0                     9271.935                1724.13                 0.0                     
16      1724.13                 9616.755                1724.13                 0.0                     
17      0.0                     8045.874                1724.13                 0.0                     
18      0.0                     8390.694                1724.13                 0.0                     
19      551.585                 8735.514                1724.13                 0.0                     
20      0.0                     8467.462                1724.13                 0.0                     
21      0.0                     8812.281                1724.13                 0.0                     
22      0.0                     9157.101                1724.13                 0.0                     
23      1724.13                 9501.921                1724.13                 0.0                     
24      0.0                     7931.04                 1724.13                 0.0                     

===== fig2 - Storage and Hydrogen flows Area 2 (GB) =====
t       Hydrogen injected [kg/h]Hydrogen stored [kg]    Hydrogen Electrolyzer [kg/h]Hydrogen consumed [kg/h]
1       3103.448                0.0                     17241.379               0.0                     
2       3103.448                0.0                     17241.379               0.0                     
3       3103.448                0.0                     17241.379               0.0                     
4       3103.448                0.0                     17241.379               0.0                     
5       3103.448                0.0                     17241.379               0.0                     
6       3103.448                0.0                     17241.379               0.0                     
7       3103.448                0.0                     17241.379               0.0                     
8       3103.448                0.0                     17241.379               0.0                     
9       3103.448                0.0                     17241.379               0.0                     
10      3103.448                0.0                     17241.379               0.0                     
11      3103.448                0.0                     17241.379               0.0                     
12      3103.448                0.0                     17241.379               0.0                     
13      3103.448                0.0                     17241.379               0.0                     
14      3103.448                0.0                     17241.379               0.0                     
15      3103.448                0.0                     17241.379               0.0                     
16      3103.448                0.0                     17241.379               0.0                     
17      3103.448                0.0                     17241.379               0.0                     
18      3103.448                0.0                     17241.379               0.0                     
19      3103.448                0.0                     17241.379               0.0                     
20      3103.448                0.0                     17241.379               0.0                     
21      3103.448                0.0                     17241.379               0.0                     
22      3103.448                0.0                     17241.379               0.0                     
23      3103.448                0.0                     17241.379               0.0                     
24      3103.448                0.0                     17241.379               0.0                     

===== fig3 - Energy and power flows of the storage Area 1 (Nordic) =====
t       charging power [MW]     discharging power [MW]  Energy stored [MWh]     
1       0.0                     0.0                     290.0                   
2       0.0                     0.0                     290.0                   
3       0.0                     0.0                     290.0                   
4       0.0                     0.0                     290.0                   
5       0.0                     0.0                     290.0                   
6       0.0                     0.0                     290.0                   
7       0.0                     0.0                     290.0                   
8       0.0                     0.0                     290.0                   
9       0.0                     0.0                     290.0                   
10      0.0                     0.0                     290.0                   
11      0.0                     0.0                     290.0                   
12      0.0                     0.0                     290.0                   
13      0.0                     0.0                     290.0                   
14      0.0                     0.0                     290.0                   
15      0.0                     0.0                     290.0                   
16      0.0                     0.0                     290.0                   
17      0.0                     0.0                     290.0                   
18      0.0                     0.18                    290.0                   
19      0.0                     0.0                     289.8                   
20      0.0                     0.0                     289.8                   
21      0.0                     0.0                     289.8                   
22      0.0                     0.0                     289.8                   
23      0.222                   0.0                     289.8                   
24      0.0                     0.0                     290.0                   

===== fig4 - Energy and power flows of the storage Area 2 (GB) =====
t       charging power [MW]     discharging power [MW]  Energy stored [MWh]     
1       0.0                     0.0                     290.0                   
2       0.0                     0.0                     290.0                   
3       0.0                     0.0                     290.0                   
4       0.0                     0.0                     290.0                   
5       0.0                     0.0                     290.0                   
6       0.0                     0.0                     290.0                   
7       0.0                     0.0                     290.0                   
8       0.0                     0.0                     290.0                   
9       0.0                     0.0                     290.0                   
10      0.0                     0.0                     290.0                   
11      0.0                     0.0                     290.0                   
12      0.0                     0.0                     290.0                   
13      0.0                     0.0                     290.0                   
14      0.0                     0.0                     290.0                   
15      0.0                     0.0                     290.0                   
16      0.0                     0.0                     290.0                   
17      0.0                     0.0                     290.0                   
18      0.0                     0.18                    290.0                   
19      0.0                     0.0                     289.8                   
20      0.0                     0.0                     289.8                   
21      0.0                     0.0                     289.8                   
22      0.0                     0.0                     289.8                   
23      0.222                   0.0                     289.8                   
24      0.0                     0.0                     290.0                   

===== fig5 - Generation by unit Area 1 (Nordic) =====
t       Generator 1 [MW]        Generator 2 [MW]        Generator 3 [MW]        
1       1400.0                  204.282                 161.5                   
2       1414.393                1414.393                161.5                   
3       1400.0                  1134.284                161.5                   
4       1400.0                  1400.0                  161.5                   
5       1407.502                1407.502                161.5                   
6       1787.427                1787.427                161.5                   
7       2021.789                2034.326                849.122                 
8       2214.231                2034.326                1608.269                
9       2349.319                2034.326                1608.269                
10      2462.044                2034.326                1608.269                
11      2331.255                2034.326                161.5                   
12      2424.415                2034.326                161.5                   
13      2519.705                204.282                 161.5                   
14      2573.667                204.282                 161.5                   
15      2643.526                204.282                 161.5                   
16      2667.99                 2034.326                161.5                   
17      2779.489                2034.326                161.5                   
18      2903.158                2034.326                161.5                   
19      2704.395                2034.326                161.5                   
20      2643.526                773.291                 161.5                   
21      2536.365                1723.038                161.5                   
22      2389.055                204.282                 161.5                   
23      2177.501                204.282                 161.5                   
24      2015.51                 204.282                 161.5                   

===== fig6 - Generation by unit Area 2 (GB) =====
t       Generator 4 [MW]        Generator 5 [MW]        Generator 6 [MW]        
1       250.0                   250.0                   126.073                 
2       250.0                   250.0                   0.0                     
3       250.0                   250.0                   129.026                 
4       250.0                   250.0                   126.359                 
5       250.0                   250.0                   131.941                 
6       250.0                   250.0                   153.648                 
7       494.999                 494.999                 173.794                 
8       494.999                 494.999                 190.336                 
9       250.0                   494.999                 201.948                 
10      494.999                 250.0                   211.638                 
11      494.999                 494.999                 218.874                 
12      250.0                   250.0                   227.62                  
13      250.0                   250.0                   241.396                 
14      250.0                   250.0                   0.0                     
15      494.999                 250.0                   278.673                 
16      250.0                   250.0                   298.401                 
17      494.999                 494.999                 310.871                 
18      250.0                   250.0                   317.0                   
19      250.0                   250.0                   302.472                 
20      494.999                 494.999                 271.714                 
21      494.999                 250.0                   242.992                 
22      250.0                   250.0                   224.3                   
23      250.0                   250.0                   0.0                     
24      250.0                   250.0                   0.0                     

===== fig7 - Loss of power area 1 (Nordic) =====
t       Loss generator 1 [MW]   Loss converter 1 [MW]   Loss reserve Area 1 [MW]
1       1400.0                  768.999                 768.998                 
2       1414.393                768.999                 781.801                 
3       1400.0                  768.999                 768.998                 
4       1400.0                  768.999                 768.998                 
5       1407.502                768.999                 776.5                   
6       1787.427                768.999                 1004.895                
7       2309.493                768.999                 1363.877                
8       2348.401                768.999                 1398.067                
9       2474.423                768.999                 1399.573                
10      2593.151                768.999                 1396.0                  
11      2331.255                768.999                 1386.256                
12      2424.415                768.999                 1489.332                
13      2519.705                768.999                 1397.133                
14      2573.667                768.999                 1397.056                
15      2643.526                614.862                 1396.533                
16      2667.99                 768.999                 1396.933                
17      2779.489                740.096                 1171.044                
18      2903.158                768.999                 1398.467                
19      2704.395                555.56                  1397.667                
20      2643.526                768.999                 1396.6                  
21      2536.365                768.999                 1396.8                  
22      2389.055                768.999                 1397.2                  
23      2177.501                768.999                 1245.549                
24      2015.51                 768.999                 1086.666                

===== fig8 - Loss of power area 2 (GB) =====
t       Loss generator 2 [MW]   Loss converter 2 [MW]   Loss reserve Area 2 [MW]
1       1400.0                  0.0                     631.002                 
2       1400.0                  0.0                     631.002                 
3       1400.0                  0.0                     631.002                 
4       1400.0                  0.0                     631.002                 
5       1400.0                  0.0                     631.002                 
6       1400.0                  0.0                     631.002                 
7       1400.0                  0.0                     631.002                 
8       1400.0                  0.0                     631.002                 
9       1400.0                  0.0                     631.002                 
10      1400.0                  0.0                     631.002                 
11      1400.0                  0.0                     631.002                 
12      1699.388                0.0                     631.002                 
13      1400.0                  0.0                     631.002                 
14      1400.0                  0.0                     631.002                 
15      1400.0                  0.0                     785.138                 
16      1400.0                  0.0                     631.002                 
17      1400.0                  0.0                     659.904                 
18      1400.0                  0.0                     631.002                 
19      1400.0                  0.0                     844.44                  
20      1400.0                  0.0                     631.002                 
21      1400.0                  0.0                     631.002                 
22      1400.0                  0.0                     631.002                 
23      1400.0                  0.0                     631.002                 
24      1400.0                  0.0                     631.002                 

===== fig9 - Reserve allocation Area 1 (Nordic) plg =====
t       Reserve thermal generators [MW]Reserve electrolyzers [MW]Reserve HVDC [MW]       Reserve storage [MW]    
1       300.971                 468.027                 631.002                 0.0                     
2       306.239                 477.152                 631.002                 0.0                     
3       306.239                 462.759                 631.002                 0.0                     
4       306.239                 462.759                 631.002                 0.0                     
5       306.239                 0.0                     631.002                 470.261                 
6       315.445                 190.98                  631.002                 650.0                   
7       315.445                 900.0                   631.002                 463.046                 
8       315.445                 900.0                   631.002                 501.954                 
9       315.445                 900.0                   631.002                 627.976                 
10      315.445                 900.0                   631.002                 746.704                 
11      314.096                 900.0                   631.002                 486.158                 
12      306.239                 837.174                 631.002                 650.0                   
13      308.389                 900.0                   631.002                 680.315                 
14      308.389                 900.0                   631.002                 734.277                 
15      308.389                 900.0                   785.138                 650.0                   
16      308.389                 900.0                   631.002                 828.6                   
17      310.356                 900.0                   659.904                 909.23                  
18      310.356                 900.0                   631.002                 1061.801                
19      309.956                 900.0                   844.44                  650.0                   
20      308.389                 900.0                   631.002                 804.136                 
21      308.389                 900.0                   631.002                 696.975                 
22      306.239                 900.0                   631.002                 551.814                 
23      300.971                 900.0                   631.002                 345.528                 
24      300.971                 890.742                 631.002                 192.795                 

===== fig10 - Reserve allocation Area 1 (Nordic) plc =====
t       Reserve thermal generators [MW]Reserve electrolyzers [MW]Reserve HVDC [MW]       Reserve storage [MW]    
1       300.971                 468.027                 0.0                     0.0                     
2       298.939                 477.152                 0.0                     0.0                     
3       306.239                 462.759                 0.0                     0.0                     
4       306.239                 462.759                 0.0                     0.0                     
5       306.239                 0.0                     0.0                     462.759                 
6       29.817                  118.601                 0.0                     650.0                   
7       0.525                   768.992                 0.0                     0.0                     
8       4.179                   768.943                 0.0                     0.0                     
9       2.954                   768.959                 0.0                     0.0                     
10      4.65                    22.233                  0.0                     746.704                 
11      3.757                   768.948                 0.0                     0.0                     
12      0.0                     118.999                 0.0                     650.0                   
13      0.0                     768.999                 0.0                     0.0                     
14      0.125                   768.997                 0.0                     0.0                     
15      1.597                   614.841                 0.0                     0.0                     
16      0.0                     768.999                 0.0                     0.0                     
17      15.91                   0.0                     0.0                     739.884                 
18      3.129                   768.957                 0.0                     0.0                     
19      0.873                   555.549                 0.0                     0.0                     
20      0.0                     768.999                 0.0                     0.0                     
21      0.0                     72.024                  0.0                     696.975                 
22      1.597                   768.977                 0.0                     0.0                     
23      14.165                  423.282                 0.0                     345.528                 
24      57.655                  518.548                 0.0                     192.795                 

===== fig11 - Reserve allocation Area 2 (GB) plg =====
t       Reserve thermal generators [MW]Reserve electrolyzers [MW]Reserve HVDC [MW]       Reserve storage [MW]    
1       631.002                 0.0                     768.998                 0.0                     
2       623.5                   0.0                     781.801                 0.0                     
3       631.002                 0.0                     768.998                 0.0                     
4       631.002                 0.0                     768.998                 0.0                     
5       623.5                   0.0                     776.5                   0.0                     
6       395.105                 0.0                     1004.895                0.0                     
7       190.051                 0.0                     1363.877                0.0                     
8       145.039                 0.0                     1398.067                0.0                     
9       32.009                  0.0                     1399.573                0.0                     
10      300.08                  0.0                     1396.0                  0.0                     
11      210.056                 0.0                     1386.256                0.0                     
12      210.056                 0.0                     1489.332                0.0                     
13      215.057                 0.0                     1397.133                0.0                     
14      220.892                 0.0                     1397.056                0.0                     
15      260.069                 0.0                     1396.533                0.0                     
16      230.061                 0.0                     1396.933                0.0                     
17      200.053                 28.902                  1171.044                0.0                     
18      115.031                 0.0                     1398.467                0.0                     
19      175.047                 0.0                     1397.667                0.0                     
20      255.068                 0.0                     1396.6                  0.0                     
21      240.064                 0.0                     1396.8                  0.0                     
22      210.056                 0.0                     1397.2                  0.0                     
23      275.907                 0.0                     1245.549                0.0                     
24      315.084                 0.0                     1086.666                0.0                     

===== fig12 - Reserve allocation Area 2 (GB) plc =====
t       Reserve thermal generators [MW]Reserve electrolyzers [MW]Reserve HVDC [MW]       Reserve storage [MW]    
1       0.0                     0.0                     0.0                     0.0                     
2       0.0                     0.0                     0.0                     0.0                     
3       0.0                     0.0                     0.0                     0.0                     
4       0.0                     0.0                     0.0                     0.0                     
5       0.0                     0.0                     0.0                     0.0                     
6       0.0                     0.0                     0.0                     0.0                     
7       0.0                     0.0                     0.0                     0.0                     
8       0.0                     0.0                     0.0                     0.0                     
9       0.0                     0.0                     0.0                     0.0                     
10      0.0                     0.0                     0.0                     0.0                     
11      0.0                     0.0                     0.0                     0.0                     
12      0.0                     0.0                     0.0                     0.0                     
13      0.0                     0.0                     0.0                     0.0                     
14      0.0                     0.0                     0.0                     0.0                     
15      0.0                     0.0                     0.0                     0.0                     
16      0.0                     0.0                     0.0                     0.0                     
17      0.0                     0.0                     0.0                     0.0                     
18      0.0                     0.0                     0.0                     0.0                     
19      0.0                     0.0                     0.0                     0.0                     
20      0.0                     0.0                     0.0                     0.0                     
21      0.0                     0.0                     0.0                     0.0                     
22      0.0                     0.0                     0.0                     0.0                     
23      0.0                     0.0                     0.0                     0.0                     
24      0.0                     0.0                     0.0                     0.0                     

===== fig13 - HVDC power flows =====
t       Flow HVDC 1-2 [MW]      
1       -768.999                
2       -768.999                
3       -768.999                
4       -768.999                
5       -768.999                
6       -768.999                
7       -768.999                
8       -768.999                
9       -768.999                
10      -768.999                
11      -768.999                
12      -768.999                
13      -768.999                
14      -768.999                
15      -614.862                
16      -768.999                
17      -740.096                
18      -768.999                
19      -555.56                 
20      -768.999                
21      -768.999                
22      -768.999                
23      -768.999                
24      -768.999                

===== fig14 - Sum Of Power Flows HVDC Links =====
t       Sum Of Flows 12 [MW]    
1       -768.999                
2       -768.999                
3       -768.999                
4       -768.999                
5       -768.999                
6       -768.999                
7       -768.999                
8       -768.999                
9       -768.999                
10      -768.999                
11      -768.999                
12      -768.999                
13      -768.999                
14      -768.999                
15      -614.862                
16      -768.999                
17      -740.096                
18      -768.999                
19      -555.56                 
20      -768.999                
21      -768.999                
22      -768.999                
23      -768.999                
24      -768.999                

===== fig15 - Demand without Electrolyzers and BESS =====
t       Total Demand Area 1 (Nordic) [MW]Total Demand Area 2 (GB) [MW]
1       40579.417               37500.0                 
2       50885.301               37500.0                 
3       49597.065               35000.0                 
4       49597.065               33750.0                 
5       53461.772               31875.0                 
6       66344.126               33750.0                 
7       79226.481               40000.0                 
8       89532.364               48750.0                 
9       95973.542               48750.0                 
10      98550.013               50000.0                 
11      98550.013               51250.0                 
12      97261.777               49625.0                 
13      95973.542               49750.0                 
14      94685.306               49837.5                 
15      93397.071               50000.0                 
16      94685.306               51250.0                 
17      95973.542               58125.0                 
18      97261.777               57500.0                 
19      92108.835               55000.0                 
20      81802.952               54375.0                 
21      72785.303               53750.0                 
22      66344.126               47500.0                 
23      59902.949               41250.0                 
24      56038.242               39750.0                 

===== fig16 - Demand with Electrolyzers and BESS =====
t       Demand Area 1 (Nordic) [MW]Demand Area 2 (GB) [MW] 
1       40685.175               38533.976               
2       50988.179               38533.976               
3       49699.944               36033.976               
4       49699.944               34783.976               
5       53564.65                32908.976               
6       66447.005               34783.976               
7       79332.239               41033.976               
8       89635.243               49783.976               
9       96076.421               49783.976               
10      98652.891               51033.976               
11      98652.891               52283.976               
12      97364.656               50658.976               
13      96076.421               50783.976               
14      94788.185               50871.476               
15      93499.95                51033.976               
16      94791.064               52283.976               
17      96076.421               59158.976               
18      97364.476               58533.796               
19      92212.635               56033.976               
20      81905.831               55408.976               
21      72888.182               54783.976               
22      66447.005               48533.976               
23      60008.929               42284.198               
24      56141.121               40783.976               

===== fig22 - Flow+Reserve =====
t       -Flow12 + Reserve(lg) Converter 1 [MW]Flow12 + Reserve(lg) Converter 2 [MW]-Flow12 + Reserve(lc) Converter 1 [MW]Flow12 + Reserve(lc) Converter 2 [MW]
1       1400.0                  -0.0                    768.999                 -768.999                
2       1400.0                  12.802                  768.999                 -768.999                
3       1400.0                  -0.0                    768.999                 -768.999                
4       1400.0                  -0.0                    768.999                 -768.999                
5       1400.0                  7.502                   768.999                 -768.999                
6       1400.0                  235.896                 768.999                 -768.999                
7       1400.0                  594.879                 768.999                 -768.999                
8       1400.0                  629.068                 768.999                 -768.999                
9       1400.0                  630.575                 768.999                 -768.999                
10      1400.0                  627.001                 768.999                 -768.999                
11      1400.0                  617.257                 768.999                 -768.999                
12      1400.0                  720.334                 768.999                 -768.999                
13      1400.0                  628.135                 768.999                 -768.999                
14      1400.0                  628.057                 768.999                 -768.999                
15      1400.0                  781.671                 614.862                 -614.862                
16      1400.0                  627.935                 768.999                 -768.999                
17      1400.0                  430.948                 740.096                 -740.096                
18      1400.0                  629.468                 768.999                 -768.999                
19      1400.0                  842.106                 555.56                  -555.56                 
20      1400.0                  627.601                 768.999                 -768.999                
21      1400.0                  627.801                 768.999                 -768.999                
22      1400.0                  628.201                 768.999                 -768.999                
23      1400.0                  476.55                  768.999                 -768.999                
24      1400.0                  317.667                 768.999                 -768.999                

===== fig23 - Reserve per converter Area 1 (Nordic) plg =====
t       Reserve Converter 1 [MW]
1       631.002                 
2       631.002                 
3       631.002                 
4       631.002                 
5       631.002                 
6       631.002                 
7       631.002                 
8       631.002                 
9       631.002                 
10      631.002                 
11      631.002                 
12      631.002                 
13      631.002                 
14      631.002                 
15      785.138                 
16      631.002                 
17      659.904                 
18      631.002                 
19      844.44                  
20      631.002                 
21      631.002                 
22      631.002                 
23      631.002                 
24      631.002                 

===== fig24 - Reserve per converter Area 1 (Nordic) plc =====
t       Reserve Converter 1 [MW]
1       0.0                     
2       0.0                     
3       0.0                     
4       0.0                     
5       0.0                     
6       0.0                     
7       0.0                     
8       0.0                     
9       0.0                     
10      0.0                     
11      0.0                     
12      0.0                     
13      0.0                     
14      0.0                     
15      0.0                     
16      0.0                     
17      0.0                     
18      0.0                     
19      0.0                     
20      0.0                     
21      0.0                     
22      0.0                     
23      0.0                     
24      0.0                     

===== fig25 - Reserve per converter Area 2 (GB) plg =====
t       Reserve Converter 2 [MW]
1       768.998                 
2       781.801                 
3       768.998                 
4       768.998                 
5       776.5                   
6       1004.895                
7       1363.877                
8       1398.067                
9       1399.573                
10      1396.0                  
11      1386.256                
12      1489.332                
13      1397.133                
14      1397.056                
15      1396.533                
16      1396.933                
17      1171.044                
18      1398.467                
19      1397.667                
20      1396.6                  
21      1396.8                  
22      1397.2                  
23      1245.549                
24      1086.666                

===== fig26 - Reserve per converter Area 2 (GB) plc =====
t       Reserve Converter 2 [MW]
1       0.0                     
2       0.0                     
3       0.0                     
4       0.0                     
5       0.0                     
6       0.0                     
7       0.0                     
8       0.0                     
9       0.0                     
10      0.0                     
11      0.0                     
12      0.0                     
13      0.0                     
14      0.0                     
15      0.0                     
16      0.0                     
17      0.0                     
18      0.0                     
19      0.0                     
20      0.0                     
21      0.0                     
22      0.0                     
23      0.0                     
24      0.0                     

===== fig29 - Power per converter =====
t       Converter 1 AC power [MW]Converter 2 AC power [MW]
1       768.999                 -768.999                
2       768.999                 -768.999                
3       768.999                 -768.999                
4       768.999                 -768.999                
5       768.999                 -768.999                
6       768.999                 -768.999                
7       768.999                 -768.999                
8       768.999                 -768.999                
9       768.999                 -768.999                
10      768.999                 -768.999                
11      768.999                 -768.999                
12      768.999                 -768.999                
13      768.999                 -768.999                
14      768.999                 -768.999                
15      614.862                 -614.862                
16      768.999                 -768.999                
17      740.096                 -740.096                
18      768.999                 -768.999                
19      555.56                  -555.56                 
20      768.999                 -768.999                
21      768.999                 -768.999                
22      768.999                 -768.999                
23      768.999                 -768.999                
24      768.999                 -768.999                

===== fig30 - Failure binary variable (delta hvdc) =====
t       HVDC 1                  HVDC 2                  
1       1.0                     1.0                     
2       1.0                     1.0                     
3       1.0                     1.0                     
4       1.0                     1.0                     
5       1.0                     1.0                     
6       1.0                     1.0                     
7       1.0                     1.0                     
8       1.0                     1.0                     
9       1.0                     1.0                     
10      1.0                     1.0                     
11      1.0                     1.0                     
12      1.0                     1.0                     
13      1.0                     1.0                     
14      1.0                     1.0                     
15      1.0                     1.0                     
16      1.0                     1.0                     
17      1.0                     1.0                     
18      1.0                     1.0                     
19      1.0                     1.0                     
20      1.0                     1.0                     
21      1.0                     1.0                     
22      1.0                     1.0                     
23      1.0                     1.0                     
24      1.0                     1.0                     

===== fig31 - Reserve allocation Area 1 (Nordic) pl reserve =====
t       Reserve thermal generators [MW]Reserve electrolyzers [MW]Reserve storage [MW]    
1       300.971                 468.027                 0.0                     
2       304.649                 477.152                 0.0                     
3       306.239                 462.759                 0.0                     
4       306.239                 462.759                 0.0                     
5       306.239                 0.0                     470.261                 
6       163.915                 190.98                  650.0                   
7       62.384                  900.0                   463.046                 
8       33.589                  900.0                   497.619                 
9       310.748                 900.0                   495.431                 
10      68.587                  900.0                   495.086                 
11      7.305                   900.0                   486.158                 
12      2.158                   837.174                 650.0                   
13      6.051                   900.0                   497.053                 
14      25.885                  900.0                   496.71                  
15      3.729                   900.0                   496.484                 
16      1.597                   900.0                   496.912                 
17      43.464                  900.0                   227.58                  
18      1.345                   900.0                   498.449                 
19      30.389                  900.0                   497.262                 
20      2.876                   900.0                   496.562                 
21      0.125                   900.0                   496.798                 
22      0.0                     900.0                   497.2                   
23      1.597                   900.0                   345.528                 
24      3.129                   890.742                 192.795                 

===== fig32 - Reserve allocation Area 2 (GB) pl reserve =====
t       Reserve thermal generators [MW]Reserve electrolyzers [MW]Reserve storage [MW]    
1       631.002                 0.0                     0.0                     
2       631.002                 0.0                     0.0                     
3       631.002                 0.0                     0.0                     
4       631.002                 0.0                     0.0                     
5       631.002                 0.0                     0.0                     
6       631.002                 0.0                     0.0                     
7       631.002                 0.0                     0.0                     
8       631.002                 0.0                     0.0                     
9       631.002                 0.0                     0.0                     
10      631.002                 0.0                     0.0                     
11      631.002                 0.0                     0.0                     
12      631.002                 0.0                     0.0                     
13      631.002                 0.0                     0.0                     
14      631.002                 0.0                     0.0                     
15      631.002                 0.0                     154.136                 
16      631.002                 0.0                     0.0                     
17      631.002                 28.902                  0.0                     
18      631.002                 0.0                     0.0                     
19      631.002                 0.0                     213.438                 
20      631.002                 0.0                     0.0                     
21      631.002                 0.0                     0.0                     
22      631.002                 0.0                     0.0                     
23      631.002                 0.0                     0.0                     
24      631.002                 0.0                     0.0                     

===== fig33 - Procured Inertia Area 1 (Nordic) =====
t       Inertia Area 1 (Nordic) [GW*s]
1       311.498                 
2       316.553                 
3       316.553                 
4       316.553                 
5       316.553                 
6       325.389                 
7       325.389                 
8       325.389                 
9       325.389                 
10      325.389                 
11      324.093                 
12      316.553                 
13      318.616                 
14      318.616                 
15      318.616                 
16      318.616                 
17      320.504                 
18      320.504                 
19      320.12                  
20      318.616                 
21      318.616                 
22      316.553                 
23      311.498                 
24      311.498                 

===== fig34 - Procured Inertia Area 2 (GB) =====
t       Inertia Area 2 (GB) [GW*s]
1       257.75                  
2       257.75                  
3       257.75                  
4       257.75                  
5       257.75                  
6       257.75                  
7       257.75                  
8       257.75                  
9       257.75                  
10      257.75                  
11      257.75                  
12      257.75                  
13      257.75                  
14      257.75                  
15      257.75                  
16      257.75                  
17      257.75                  
18      257.75                  
19      257.75                  
20      257.75                  
21      257.75                  
22      257.75                  
23      257.75                  
24      257.75                  

===== fig35 - Renewable Generation by type Area 1 (Nordic) =====
t       Reservoir Generation [MW]Wind Generation [MW]    Solar Generation [MW]   
1       16644.463               22341.649               0.0                     
2       25631.514               23351.764               0.0                     
3       24928.48                22766.562               0.0                     
4       25312.285               22382.758               0.0                     
5       28351.149               23208.6                 0.0                     
6       36736.281               27471.893               0.0                     
7       43744.218               31469.298               0.0                     
8       44055.488               34283.744               0.0                     
9       44853.78                36358.117               1344.1                  
10      45566.146               38102.653               8064.6                  
11      41717.285               38489.246               16129.2                 
12      32482.735               40027.319               22849.7                 
13      24975.771               42244.063               26882.0                 
14      23873.968               44799.792               24193.8                 
15      26734.776               47441.109               17473.3                 
16      33567.063               49986.121               9408.7                  
17      39505.839               52075.115               2688.2                  
18      42234.918               53446.139               0.0                     
19      39679.56                50668.193               0.0                     
20      33468.563               46586.502               0.0                     
21      28406.882               42523.373               0.0                     
22      24900.393               39443.525               0.0                     
23      21779.647               35950.74                0.0                     
24      20402.751               33276.264               0.0                     

===== fig36 - Renewable Generation by type Area 2 (GB) =====
t       Reservoir Generation [MW]Wind Generation [MW]    Solar Generation [MW]   
1       0.0                     10945.436               0.0                     
2       0.0                     8194.923                0.0                     
3       0.0                     8350.634                0.0                     
4       0.0                     8091.435                0.0                     
5       0.0                     8486.963                0.0                     
6       0.0                     7452.092                0.0                     
7       0.0                     12520.395               0.0                     
8       0.0                     15816.414               0.0                     
9       0.0                     19696.722               0.0                     
10      0.0                     21870.668               0.0                     
11      0.0                     22097.494               0.0                     
12      0.0                     21173.041               0.0                     
13      0.0                     19836.17                0.0                     
14      0.0                     22371.274               0.0                     
15      0.0                     22161.175               0.0                     
16      0.0                     23098.33                0.0                     
17      0.0                     26103.37                0.0                     
18      0.0                     24557.0                 0.0                     
19      0.0                     24455.781               0.0                     
20      0.0                     24877.143               0.0                     
21      0.0                     23580.968               0.0                     
22      0.0                     19198.137               0.0                     
23      0.0                     15054.467               0.0                     
24      0.0                     12267.449               0.0                     

===== fig37 - Headroom by Area =====
t       Area 1 (Nordic) [MW]    Area 2 (GB) [MW]        
1       53305.437               30274.895               
2       45582.296               27581.968               
3       46285.33                30237.679               
4       45901.525               30700.0                 
5       42862.661               30455.001               
6       36549.51                30589.137               
7       27851.514               29384.406               
8       20321.168               23953.459               
9       17172.442               27833.767               
10      22942.279               28757.713               
11      31244.636               27648.16                
12      38731.075               28435.086               
13      46753.749               26973.215               
14      47855.552               29420.819               
15      44994.744               29183.009               
16      38162.457               28677.789               
17      32648.483               25115.044               
18      29919.404               26624.199               
19      32388.362               26545.025               
20      38260.957               27302.809               
21      43322.638               26704.195               
22      46313.417               28585.183               
23      48170.253               30659.589               
24      49547.149               29369.943               

===== fig38 - Load shedding Area 1 (Nordic) and Area 2 (GB) =====
t       Area 1 (Nordic) [MW]    Area 2 (GB) [MW]        
1       0.0                     0.0                     
2       0.0                     0.0                     
3       0.0                     0.0                     
4       0.0                     0.0                     
5       0.0                     0.0                     
6       0.0                     0.0                     
7       0.0                     0.0                     
8       0.0                     0.0                     
9       0.0                     0.0                     
10      0.0                     0.0                     
11      0.0                     0.0                     
12      0.0                     0.0                     
13      0.0                     0.0                     
14      0.0                     0.0                     
15      0.0                     0.0                     
16      0.0                     0.0                     
17      0.0                     0.0                     
18      0.0                     0.0                     
19      0.0                     0.0                     
20      0.0                     0.0                     
21      0.0                     0.0                     
22      0.0                     0.0                     
23      0.0                     0.0                     
24      0.0                     0.0                     

===== fig39 - Reserve lg 2 and power loss reserve 1 =====
t       Reserve lg 2 [MW]       Power loss reserve 1 [MW]
1       768.998                 768.998                 
2       781.801                 781.801                 
3       768.998                 768.998                 
4       768.998                 768.998                 
5       776.5                   776.5                   
6       1004.895                1004.895                
7       1363.877                1363.877                
8       1398.067                1398.067                
9       1399.573                1399.573                
10      1396.0                  1396.0                  
11      1386.256                1386.256                
12      1489.332                1489.332                
13      1397.133                1397.133                
14      1397.056                1397.056                
15      1396.533                1396.533                
16      1396.933                1396.933                
17      1171.044                1171.044                
18      1398.467                1398.467                
19      1397.667                1397.667                
20      1396.6                  1396.6                  
21      1396.8                  1396.8                  
22      1397.2                  1397.2                  
23      1245.549                1245.549                
24      1086.666                1086.666                

===== fig41 - Renewable curtailment Area 1 (Nordic) =====
t       Solar Curtailment [MW]  Wind Curtailment [MW]   
1       -0.0                    486.729                 
2       -0.0                    693.349                 
3       -0.0                    596.502                 
4       -0.0                    497.349                 
5       -0.0                    682.378                 
6       -0.0                    349.535                 
7       -0.0                    0.0                     
8       -0.0                    180.917                 
9       -0.0                    209.208                 
10      -0.0                    219.246                 
11      -0.0                    1142.803                
12      -0.0                    1188.47                 
13      -0.0                    1466.15                 
14      -0.0                    2280.847                
15      -0.0                    3018.948                
16      -0.0                    4046.022                
17      -0.0                    4215.111                
18      -0.0                    3953.861                
19      -0.0                    4101.231                
20      -0.0                    2613.498                
21      -0.0                    1475.844                
22      -0.0                    1171.137                
23      -0.0                    1067.431                
24      -0.0                    988.022                 

===== fig42 - Renewable curtailment Area 2 (GB) =====
t       Solar Curtailment [MW]  Wind Curtailment [MW]   
1       0.0                     11056.428               
2       0.0                     14979.623               
3       0.0                     14166.557               
4       0.0                     13960.284               
5       0.0                     14539.028               
6       0.0                     19362.046               
7       0.0                     17809.539               
8       0.0                     17400.435               
9       0.0                     15546.662               
10      0.0                     15063.764               
11      0.0                     16099.654               
12      0.0                     18550.507               
13      0.0                     22291.49                
14      0.0                     23004.783               
15      0.0                     26471.946               
16      0.0                     28977.548               
17      0.0                     28148.835               
18      0.0                     30764.8                 
19      0.0                     28330.685               
20      0.0                     22541.543               
21      0.0                     18825.232               
22      0.0                     19946.047               
23      0.0                     20623.44                
24      0.0                     20756.279               

===== fig43 - Total generation by technology Area 1 (Nordic) =====
t       Nuclear [MW]            Gas [MW]                Biomass [MW]            Oil [MW]                Reservoir (Hydro) [MW]  Pump [MW]               Solar [MW]              Wind [MW]               
1       2264.0                  0.0                     0.0                     0.0                     16644.463               0.0                     0.0                     22341.649               
2       2264.0                  0.0                     0.0                     0.0                     25631.514               0.0                     0.0                     23351.764               
3       2264.0                  0.0                     0.0                     0.0                     24928.48                0.0                     0.0                     22766.562               
4       2264.0                  0.0                     0.0                     0.0                     25312.285               0.0                     0.0                     22382.758               
5       2264.0                  0.0                     0.0                     0.0                     28351.149               0.0                     0.0                     23208.6                 
6       2264.0                  0.0                     0.0                     0.0                     36736.281               136.929                 0.0                     27471.893               
7       3954.058                0.0                     0.0                     0.0                     43744.218               136.929                 0.0                     31469.298               
8       11173.135               0.0                     0.0                     0.0                     44055.488               136.929                 0.0                     34283.744               
9       13445.125               0.0                     0.0                     0.0                     44853.78                215.373                 1344.1                  36358.117               
10      7041.366                0.0                     0.0                     0.0                     45566.146               136.929                 8064.6                  38102.653               
11      2264.0                  0.0                     0.0                     0.0                     41717.285               136.929                 16129.2                 38489.246               
12      2264.0                  0.0                     0.0                     0.0                     32482.735               0.0                     22849.7                 40027.319               
13      2264.0                  0.0                     0.0                     0.0                     24975.771               0.0                     26882.0                 42244.063               
14      2264.0                  0.0                     0.0                     0.0                     23873.968               0.0                     24193.8                 44799.792               
15      2264.0                  0.0                     0.0                     0.0                     26734.776               0.0                     17473.3                 47441.109               
16      2264.0                  0.0                     0.0                     0.0                     33567.063               0.0                     9408.7                  49986.121               
17      2264.0                  0.0                     0.0                     0.0                     39505.839               47.198                  2688.2                  52075.115               
18      2264.0                  0.0                     0.0                     0.0                     42234.918               47.198                  0.0                     53446.139               
19      2264.0                  0.0                     0.0                     0.0                     39679.56                37.598                  0.0                     50668.193               
20      2264.0                  0.0                     0.0                     0.0                     33468.563               0.0                     0.0                     46586.502               
21      2264.0                  0.0                     0.0                     0.0                     28406.882               0.0                     0.0                     42523.373               
22      2264.0                  0.0                     0.0                     0.0                     24900.393               0.0                     0.0                     39443.525               
23      2264.0                  0.0                     0.0                     0.0                     21779.647               0.0                     0.0                     35950.74                
24      2264.0                  0.0                     0.0                     0.0                     20402.751               0.0                     0.0                     33276.264               

===== fig44 - Total generation by technology Area 2 (GB) =====
t       Nuclear [MW]            Gas [MW]                Biomass [MW]            Oil [MW]                Reservoir (Hydro) [MW]  Pump [MW]               Solar [MW]              Wind [MW]               
1       5600.0                  26925.105               0.0                     0.0                     0.0                     0.0                     0.0                     10945.436               
2       5600.0                  29618.032               0.0                     0.0                     0.0                     0.0                     0.0                     8194.923                
3       5600.0                  26962.321               0.0                     0.0                     0.0                     0.0                     0.0                     8350.634                
4       5600.0                  26500.0                 0.0                     0.0                     0.0                     0.0                     0.0                     8091.435                
5       5600.0                  26744.999               0.0                     0.0                     0.0                     0.0                     0.0                     8486.963                
6       5600.0                  26610.863               0.0                     0.0                     0.0                     0.0                     0.0                     7452.092                
7       5600.0                  27815.594               0.0                     0.0                     0.0                     0.0                     0.0                     12520.395               
8       5600.0                  33246.541               0.0                     0.0                     0.0                     0.0                     0.0                     15816.414               
9       5600.0                  29366.233               0.0                     0.0                     0.0                     0.0                     0.0                     19696.722               
10      5600.0                  28442.287               0.0                     0.0                     0.0                     0.0                     0.0                     21870.668               
11      5600.0                  29551.84                0.0                     0.0                     0.0                     0.0                     0.0                     22097.494               
12      5600.0                  28764.914               0.0                     0.0                     0.0                     0.0                     0.0                     21173.041               
13      5600.0                  30226.785               0.0                     0.0                     0.0                     0.0                     0.0                     19836.17                
14      5600.0                  27779.181               0.0                     0.0                     0.0                     0.0                     0.0                     22371.274               
15      5600.0                  28016.991               0.0                     0.0                     0.0                     0.0                     0.0                     22161.175               
16      5600.0                  28522.211               0.0                     0.0                     0.0                     0.0                     0.0                     23098.33                
17      5600.0                  32084.956               0.0                     0.0                     0.0                     0.0                     0.0                     26103.37                
18      5600.0                  30575.801               0.0                     0.0                     0.0                     0.0                     0.0                     24557.0                 
19      5600.0                  30654.975               0.0                     0.0                     0.0                     0.0                     0.0                     24455.781               
20      5600.0                  29897.191               0.0                     0.0                     0.0                     0.0                     0.0                     24877.143               
21      5600.0                  30495.805               0.0                     0.0                     0.0                     0.0                     0.0                     23580.968               
22      5600.0                  28614.817               0.0                     0.0                     0.0                     0.0                     0.0                     19198.137               
23      5600.0                  26540.411               0.0                     0.0                     0.0                     0.0                     0.0                     15054.467               
24      5600.0                  27830.057               0.0                     0.0                     0.0                     0.0                     0.0                     12267.449               

===== Total energy generated by technology (sum over all hours) =====
technology          Area 1 (Nordic) [MWh]   Area 2 (GB) [MWh]       
Nuclear             80893.684               134400.0                
Gas                 0.0                     691787.911              
Biomass             0.0                     0.0                     
Oil                 0.0                     0.0                     
Reservoir (Hydro)   769553.957              0.0                     
Pump                1032.012                0.0                     
Solar               129033.6                0.0                     
Wind                898694.538              422257.478              

