===== fig1 - Storage and Hydrogen flows Area 1 (Nordic) =====
t       Hydrogen injected [kg/h]Hydrogen stored [kg]    Hydrogen Electrolyzer [kg/h]Hydrogen consumed [kg/h]
1       0.0                     8275.86                 1724.13                 0.0                     
2       0.0                     8620.68                 1724.13                 0.0                     
3       0.0                     8965.499                1724.13                 0.0                     
4       0.0                     9310.319                1724.13                 0.0                     
5       0.0                     9655.139                1724.13                 0.0                     
6       1724.13                 9999.958                1724.13                 0.0                     
7       0.0                     8429.078                1724.13                 0.0                     
8       0.0                     8773.898                1724.13                 0.0                     
9       0.0                     9118.717                1724.13                 0.0                     
10      0.0                     9463.537                1724.13                 0.0                     
11      0.0                     9808.357                1724.13                 0.0                     
12      1724.13                 10153.176               1724.13                 0.0                     
13      1724.13                 8582.296                1724.13                 0.0                     
14      1724.13                 7011.416                1724.13                 0.0                     
15      551.585                 5440.535                1724.13                 0.0                     
16      0.0                     5172.483                1724.13                 0.0                     
17      0.0                     5517.303                1724.13                 0.0                     
18      0.0                     5862.122                1724.13                 0.0                     
19      0.0                     6206.942                1724.13                 0.0                     
20      0.0                     6551.762                1724.13                 0.0                     
21      0.0                     6896.581                1724.13                 0.0                     
22      0.0                     7241.401                1724.13                 0.0                     
23      0.0                     7586.221                1724.13                 0.0                     
24      0.0                     7931.04                 1724.13                 0.0                     

===== fig2 - Storage and Hydrogen flows Area 2 (GB) =====
t       Hydrogen injected [kg/h]Hydrogen stored [kg]    Hydrogen Electrolyzer [kg/h]Hydrogen consumed [kg/h]
1       3103.448                0.0                     17241.379               0.0                     
2       3103.448                0.0                     17241.379               0.0                     
3       3103.448                0.0                     17241.379               0.0                     
4       3103.448                0.0                     17241.379               0.0                     
5       3103.448                0.0                     17241.379               0.0                     
6       3103.448                0.0                     17241.379               0.0                     
7       3103.448                0.0                     17241.379               0.0                     
8       3103.448                0.0                     17241.379               0.0                     
9       3103.448                0.0                     17241.379               0.0                     
10      3103.448                0.0                     17241.379               0.0                     
11      3103.448                0.0                     17241.379               0.0                     
12      3103.448                0.0                     17241.379               0.0                     
13      3103.448                0.0                     17241.379               0.0                     
14      3103.448                0.0                     17241.379               0.0                     
15      3103.448                0.0                     17241.379               0.0                     
16      3103.448                0.0                     17241.379               0.0                     
17      3103.448                0.0                     17241.379               0.0                     
18      3103.448                0.0                     17241.379               0.0                     
19      3103.448                0.0                     17241.379               0.0                     
20      3103.448                0.0                     17241.379               0.0                     
21      3103.448                0.0                     17241.379               0.0                     
22      3103.448                0.0                     17241.379               0.0                     
23      3103.448                0.0                     17241.379               0.0                     
24      3103.448                0.0                     17241.379               0.0                     

===== fig3 - Energy and power flows of the storage Area 1 (Nordic) =====
t       charging power [MW]     discharging power [MW]  Energy stored [MWh]     
1       0.0                     0.0                     290.0                   
2       0.0                     0.0                     290.0                   
3       0.0                     0.0                     290.0                   
4       0.0                     0.0                     290.0                   
5       0.0                     0.0                     290.0                   
6       0.0                     0.0                     290.0                   
7       0.0                     0.0                     290.0                   
8       0.0                     0.0                     290.0                   
9       0.0                     0.0                     290.0                   
10      0.0                     0.18                    290.0                   
11      0.0                     0.0                     289.8                   
12      0.0                     0.0                     289.8                   
13      33.556                  0.0                     289.8                   
14      600.0                   0.0                     320.0                   
15      600.0                   0.0                     860.0                   
16      0.0                     0.0                     1400.0                  
17      0.0                     399.0                   1400.0                  
18      0.0                     0.0                     956.667                 
19      0.0                     201.0                   956.667                 
20      0.0                     399.0                   733.333                 
21      0.0                     0.0                     290.0                   
22      0.0                     0.0                     290.0                   
23      0.0                     0.0                     290.0                   
24      0.0                     0.0                     290.0                   

===== fig4 - Energy and power flows of the storage Area 2 (GB) =====
t       charging power [MW]     discharging power [MW]  Energy stored [MWh]     
1       0.0                     0.0                     290.0                   
2       0.0                     0.0                     290.0                   
3       0.0                     0.0                     290.0                   
4       0.0                     0.0                     290.0                   
5       0.0                     0.0                     290.0                   
6       0.0                     0.0                     290.0                   
7       0.0                     0.0                     290.0                   
8       0.0                     0.0                     290.0                   
9       0.0                     0.0                     290.0                   
10      0.0                     0.0                     290.0                   
11      0.0                     0.0                     290.0                   
12      600.0                   0.0                     290.0                   
13      599.778                 0.0                     830.0                   
14      0.0                     0.0                     1369.8                  
15      33.556                  0.0                     1369.8                  
16      0.0                     0.0                     1400.0                  
17      0.0                     0.0                     1400.0                  
18      0.0                     0.0                     1400.0                  
19      0.0                     0.0                     1400.0                  
20      0.0                     0.0                     1400.0                  
21      0.0                     600.0                   1400.0                  
22      0.0                     399.0                   733.333                 
23      0.0                     0.0                     290.0                   
24      0.0                     0.0                     290.0                   

===== fig5 - Generation by unit Area 1 (Nordic) =====
t       Generator 1 [MW]        Generator 2 [MW]        Generator 3 [MW]        
1       1466.641                0.0                     161.5                   
2       1544.812                204.282                 161.5                   
3       1500.993                220.538                 161.5                   
4       1469.965                204.282                 161.5                   
5       1534.91                 204.282                 161.5                   
6       1787.427                1859.738                1003.541                
7       1859.738                1859.738                1608.269                
8       1861.706                1861.706                1608.269                
9       1960.297                1960.297                1608.269                
10      1807.538                1807.538                1608.269                
11      1842.933                1842.933                1608.269                
12      1871.827                1868.809                161.5                   
13      1991.964                204.282                 161.5                   
14      1946.891                1774.743                161.5                   
15      1677.766                1490.187                693.484                 
16      2068.095                2034.326                626.52                  
17      2072.155                2034.326                1608.269                
18      2251.068                2034.326                1608.269                
19      2068.095                2034.326                1608.269                
20      2029.408                2029.408                161.5                   
21      1860.138                1860.138                161.5                   
22      1725.351                204.282                 161.5                   
23      1614.399                1614.399                161.5                   
24      1416.225                204.282                 161.5                   

===== fig6 - Generation by unit Area 2 (GB) =====
t       Generator 4 [MW]        Generator 5 [MW]        Generator 6 [MW]        
1       494.999                 0.0                     494.999                 
2       250.0                   0.0                     494.999                 
3       250.0                   0.0                     250.0                   
4       494.999                 0.0                     494.999                 
5       250.0                   0.0                     250.0                   
6       250.0                   0.0                     250.0                   
7       250.0                   0.0                     494.999                 
8       494.999                 0.0                     494.999                 
9       250.0                   23.5                    430.764                 
10      250.0                   141.0                   494.999                 
11      0.0                     282.0                   0.0                     
12      0.0                     399.5                   0.0                     
13      0.0                     470.0                   0.0                     
14      0.0                     423.0                   0.0                     
15      0.0                     305.5                   0.0                     
16      0.0                     164.5                   0.0                     
17      0.0                     47.0                    0.0                     
18      0.0                     0.0                     0.0                     
19      0.0                     0.0                     0.0                     
20      0.0                     0.0                     0.0                     
21      0.0                     0.0                     0.0                     
22      0.0                     0.0                     0.0                     
23      0.0                     0.0                     0.0                     
24      0.0                     0.0                     0.0                     

===== fig7 - Loss of power area 1 (Nordic) =====
t       Loss generator 1 [MW]   Loss converter 1 [MW]   Loss reserve Area 1 [MW]
1       1466.641                0.0                     -0.0                    
2       1764.641                0.0                     -0.0                    
3       1714.586                0.0                     -0.0                    
4       1679.143                0.0                     -0.0                    
5       1753.329                0.0                     -0.0                    
6       1859.738                0.0                     -0.0                    
7       1859.738                0.0                     -0.0                    
8       1861.706                0.0                     -0.0                    
9       1960.297                0.0                     -0.0                    
10      1807.538                0.0                     -0.0                    
11      1842.933                0.0                     -0.0                    
12      1871.827                0.0                     -0.0                    
13      1991.964                0.0                     -0.0                    
14      1946.891                0.0                     -0.0                    
15      1677.766                0.0                     -0.0                    
16      2068.095                0.0                     -0.0                    
17      2072.155                0.0                     -0.0                    
18      2251.068                0.0                     -0.0                    
19      2068.095                0.0                     -0.0                    
20      2029.408                0.0                     -0.0                    
21      1860.138                0.0                     -0.0                    
22      1725.351                0.0                     -0.0                    
23      1614.399                0.0                     -0.0                    
24      1416.225                0.0                     -0.0                    

===== fig8 - Loss of power area 2 (GB) =====
t       Loss generator 2 [MW]   Loss converter 2 [MW]   Loss reserve Area 2 [MW]
1       1800.0                  1400.0                  -0.0                    
2       1800.0                  1400.0                  -0.0                    
3       1800.0                  1400.0                  -0.0                    
4       1800.0                  1400.0                  -0.0                    
5       1800.0                  1400.0                  -0.0                    
6       1987.245                1400.0                  -0.0                    
7       2247.807                1400.0                  -0.0                    
8       2461.762                1400.0                  -0.0                    
9       2611.952                1400.0                  -0.0                    
10      2737.278                1400.0                  -0.0                    
11      2830.861                1400.0                  -0.0                    
12      2710.0                  1400.0                  -0.0                    
13      2710.0                  1400.0                  -0.0                    
14      2710.0                  1400.0                  -0.0                    
15      2790.0                  1400.0                  -0.0                    
16      3859.439                1400.0                  -0.0                    
17      4020.73                 1400.0                  -0.0                    
18      4100.0                  1400.0                  -0.0                    
19      3912.102                1400.0                  -0.0                    
20      3514.286                1400.0                  -0.0                    
21      3142.801                1400.0                  -0.0                    
22      2901.047                1400.0                  -0.0                    
23      2644.155                1400.0                  -0.0                    
24      2447.449                1400.0                  -0.0                    

===== fig9 - Reserve allocation Area 1 (Nordic) plg =====
t       Reserve thermal generators [MW]Reserve electrolyzers [MW]Reserve HVDC [MW]       Reserve storage [MW]    
1       238.906                 900.0                   0.0                     327.736                 
2       309.738                 900.0                   0.0                     554.903                 
3       309.738                 864.135                 0.0                     540.713                 
4       309.738                 900.0                   0.0                     469.404                 
5       309.738                 900.0                   0.0                     543.591                 
6       309.738                 900.0                   0.0                     650.0                   
7       309.738                 900.0                   0.0                     650.0                   
8       311.706                 900.0                   0.0                     650.0                   
9       315.445                 900.0                   0.0                     744.851                 
10      315.445                 900.0                   0.0                     592.092                 
11      311.855                 900.0                   0.0                     631.078                 
12      309.738                 900.0                   0.0                     662.089                 
13      309.738                 900.0                   0.0                     782.226                 
14      309.96                  900.0                   0.0                     736.931                 
15      315.074                 900.0                   0.0                     462.692                 
16      315.445                 900.0                   0.0                     852.649                 
17      315.445                 900.0                   0.0                     856.709                 
18      315.445                 900.0                   0.0                     1035.623                
19      315.445                 900.0                   0.0                     852.649                 
20      311.706                 900.0                   0.0                     817.703                 
21      310.138                 900.0                   0.0                     650.0                   
22      311.083                 900.0                   0.0                     514.267                 
23      309.738                 900.0                   0.0                     404.661                 
24      311.083                 900.0                   0.0                     205.142                 

===== fig10 - Reserve allocation Area 1 (Nordic) plc =====
t       Reserve thermal generators [MW]Reserve electrolyzers [MW]Reserve HVDC [MW]       Reserve storage [MW]    
1       0.0                     0.0                     0.0                     0.0                     
2       0.0                     0.0                     0.0                     0.0                     
3       0.0                     0.0                     0.0                     0.0                     
4       0.0                     0.0                     0.0                     0.0                     
5       0.0                     0.0                     0.0                     0.0                     
6       0.0                     0.0                     0.0                     0.0                     
7       0.0                     0.0                     0.0                     0.0                     
8       0.0                     0.0                     0.0                     0.0                     
9       0.0                     0.0                     0.0                     0.0                     
10      0.0                     0.0                     0.0                     0.0                     
11      0.0                     0.0                     0.0                     0.0                     
12      0.0                     0.0                     0.0                     0.0                     
13      0.0                     0.0                     0.0                     0.0                     
14      0.0                     0.0                     0.0                     0.0                     
15      0.0                     0.0                     0.0                     0.0                     
16      0.0                     0.0                     0.0                     0.0                     
17      0.0                     0.0                     0.0                     0.0                     
18      0.0                     0.0                     0.0                     0.0                     
19      0.0                     0.0                     0.0                     0.0                     
20      0.0                     0.0                     0.0                     0.0                     
21      0.0                     0.0                     0.0                     0.0                     
22      0.0                     0.0                     0.0                     0.0                     
23      0.0                     0.0                     0.0                     0.0                     
24      0.0                     0.0                     0.0                     0.0                     

===== fig11 - Reserve allocation Area 2 (GB) plg =====
t       Reserve thermal generators [MW]Reserve electrolyzers [MW]Reserve HVDC [MW]       Reserve storage [MW]    
1       510.97                  1289.03                 0.0                     0.0                     
2       510.97                  989.998                 0.0                     299.032                 
3       510.97                  1289.03                 0.0                     0.0                     
4       510.97                  1199.031                0.0                     90.0                    
5       465.958                 1154.043                0.0                     180.0                   
6       450.954                 636.292                 0.0                     899.999                 
7       450.954                 989.996                 0.0                     806.857                 
8       450.954                 978.031                 0.0                     1032.777                
9       450.954                 1169.997                0.0                     991.001                 
10      450.954                 1799.997                0.0                     486.328                 
11      200.887                 1619.995                0.0                     1009.979                
12      65.851                  899.318                 0.0                     1744.831                
13      65.851                  899.997                 0.0                     1744.152                
14      65.851                  809.998                 0.0                     1834.151                
15      70.852                  719.997                 0.0                     1999.15                 
16      155.875                 2894.153                0.0                     809.41                  
17      270.906                 2159.997                0.0                     1589.828                
18      270.906                 2249.998                0.0                     1579.097                
19      270.906                 2198.992                0.0                     1442.204                
20      270.906                 1617.099                0.0                     1626.281                
21      270.906                 1619.995                0.0                     1251.9                  
22      270.906                 1079.997                0.0                     1550.144                
23      270.906                 1609.866                0.0                     763.384                 
24      270.906                 1486.544                0.0                     690.0                   

===== fig12 - Reserve allocation Area 2 (GB) plc =====
t       Reserve thermal generators [MW]Reserve electrolyzers [MW]Reserve HVDC [MW]       Reserve storage [MW]    
1       110.97                  1289.03                 0.0                     0.0                     
2       110.97                  989.998                 0.0                     299.032                 
3       110.97                  1289.03                 0.0                     0.0                     
4       110.97                  1199.031                0.0                     90.0                    
5       245.957                 1154.043                0.0                     0.0                     
6       0.0                     629.999                 0.0                     770.002                 
7       250.9                   899.997                 0.0                     280.193                 
8       10.218                  798.031                 0.0                     600.0                   
9       0.0                     1000.0                  0.0                     400.0                   
10      0.0                     1400.0                  0.0                     0.0                     
11      0.0                     800.0                   0.0                     600.0                   
12      50.847                  899.318                 0.0                     500.004                 
13      0.0                     179.999                 0.0                     1220.001                
14      0.0                     539.999                 0.0                     860.001                 
15      60.85                   539.998                 0.0                     835.82                  
16      35.843                  1364.157                0.0                     0.0                     
17      10.003                  1399.867                0.0                     0.0                     
18      19.107                  1198.745                0.0                     201.0                   
19      0.0                     800.0                   0.0                     600.0                   
20      0.0                     1400.0                  0.0                     0.0                     
21      29.096                  1198.612                0.0                     201.0                   
22      0.0                     809.998                 0.0                     590.002                 
23      0.0                     1400.0                  0.0                     0.0                     
24      15.004                  1309.801                0.0                     90.0                    

===== fig13 - HVDC power flows =====
t       Flow HVDC 1-2 [MW]      
1       1400.0                  
2       1400.0                  
3       1400.0                  
4       1400.0                  
5       1400.0                  
6       1400.0                  
7       1400.0                  
8       1400.0                  
9       1400.0                  
10      1400.0                  
11      1400.0                  
12      1400.0                  
13      1400.0                  
14      1400.0                  
15      1400.0                  
16      1400.0                  
17      1400.0                  
18      1400.0                  
19      1400.0                  
20      1400.0                  
21      1400.0                  
22      1400.0                  
23      1400.0                  
24      1400.0                  

===== fig14 - Sum Of Power Flows HVDC Links =====
t       Sum Of Flows 12 [MW]    
1       1400.0                  
2       1400.0                  
3       1400.0                  
4       1400.0                  
5       1400.0                  
6       1400.0                  
7       1400.0                  
8       1400.0                  
9       1400.0                  
10      1400.0                  
11      1400.0                  
12      1400.0                  
13      1400.0                  
14      1400.0                  
15      1400.0                  
16      1400.0                  
17      1400.0                  
18      1400.0                  
19      1400.0                  
20      1400.0                  
21      1400.0                  
22      1400.0                  
23      1400.0                  
24      1400.0                  

===== fig15 - Demand without Electrolyzers and BESS =====
t       Total Demand Area 1 (Nordic) [MW]Total Demand Area 2 (GB) [MW]
1       40579.417               58064.516               
2       50885.301               58064.516               
3       49597.065               54193.548               
4       49597.065               52258.065               
5       53461.772               49354.839               
6       66344.126               52258.065               
7       79226.481               61935.484               
8       89532.364               75483.871               
9       95973.542               75483.871               
10      98550.013               77419.355               
11      98550.013               79354.839               
12      97261.777               76838.71                
13      95973.542               77032.258               
14      94685.306               77167.742               
15      93397.071               77419.355               
16      94685.306               79354.839               
17      95973.542               90000.0                 
18      97261.777               89032.258               
19      92108.835               85161.29                
20      81802.952               84193.548               
21      72785.303               83225.806               
22      66344.126               73548.387               
23      59902.949               63870.968               
24      56038.242               61548.387               

===== fig16 - Demand with Electrolyzers and BESS =====
t       Demand Area 1 (Nordic) [MW]Demand Area 2 (GB) [MW] 
1       40682.296               59098.492               
2       50988.179               59098.492               
3       49699.944               55227.524               
4       49699.944               53292.04                
5       53564.65                50388.815               
6       66449.884               53292.04                
7       79329.36                62969.46                
8       89635.243               76517.847               
9       96076.421               76517.847               
10      98652.711               78453.331               
11      98652.891               80388.815               
12      97367.535               78472.686               
13      96112.855               78666.012               
14      95391.064               78201.718               
15      94100.871               78486.886               
16      94788.185               80388.815               
17      95677.421               91033.976               
18      97364.656               90066.234               
19      92010.714               86195.266               
20      81506.831               85227.524               
21      72888.182               83659.782               
22      66447.005               74183.363               
23      60005.828               64904.944               
24      56141.121               62582.363               

===== fig45 - Net demand Area 1 (Nordic) =====
t       Net demand [MW]         
1       43225.606               
2       53319.277               
3       51921.754               
4       51956.855               
5       55789.338               
6       68778.102               
7       81660.457               
8       91966.34                
9       98502.369               
10      100926.081              
11      100965.067              
12      99707.842               
13      98539.743               
14      97206.213               
15      95643.738               
16      97321.931               
17      98614.227               
18      100081.376              
19      94745.46                
20      84404.631               
21      75219.279               
22      68642.37                
23      62091.586               
24      58027.36                

===== fig46 - Net demand Area 2 (GB) =====
t       Net demand [MW]         
1       61808.472               
2       61808.292               
3       57937.504               
4       56002.021               
5       53098.795               
6       56014.138               
7       65679.26                
8       79226.027               
9       77109.081               
10      68472.771               
11      57718.795               
12      53434.563               
13      56334.094               
14      58660.362               
15      60699.089               
16      68293.795               
17      82027.167               
18      88261.731               
19      85726.216               
20      80358.616               
21      75346.131               
22      72084.115               
23      67614.924               
24      65108.002               

===== fig22 - Flow+Reserve =====
t       -Flow12 + Reserve(lg) Converter 1 [MW]Flow12 + Reserve(lg) Converter 2 [MW]-Flow12 + Reserve(lc) Converter 1 [MW]Flow12 + Reserve(lc) Converter 2 [MW]
1       -1400.0                 1400.0                  -1400.0                 1400.0                  
2       -1400.0                 1400.0                  -1400.0                 1400.0                  
3       -1400.0                 1400.0                  -1400.0                 1400.0                  
4       -1400.0                 1400.0                  -1400.0                 1400.0                  
5       -1400.0                 1400.0                  -1400.0                 1400.0                  
6       -1400.0                 1400.0                  -1400.0                 1400.0                  
7       -1400.0                 1400.0                  -1400.0                 1400.0                  
8       -1400.0                 1400.0                  -1400.0                 1400.0                  
9       -1400.0                 1400.0                  -1400.0                 1400.0                  
10      -1400.0                 1400.0                  -1400.0                 1400.0                  
11      -1400.0                 1400.0                  -1400.0                 1400.0                  
12      -1400.0                 1400.0                  -1400.0                 1400.0                  
13      -1400.0                 1400.0                  -1400.0                 1400.0                  
14      -1400.0                 1400.0                  -1400.0                 1400.0                  
15      -1400.0                 1400.0                  -1400.0                 1400.0                  
16      -1400.0                 1400.0                  -1400.0                 1400.0                  
17      -1400.0                 1400.0                  -1400.0                 1400.0                  
18      -1400.0                 1400.0                  -1400.0                 1400.0                  
19      -1400.0                 1400.0                  -1400.0                 1400.0                  
20      -1400.0                 1400.0                  -1400.0                 1400.0                  
21      -1400.0                 1400.0                  -1400.0                 1400.0                  
22      -1400.0                 1400.0                  -1400.0                 1400.0                  
23      -1400.0                 1400.0                  -1400.0                 1400.0                  
24      -1400.0                 1400.0                  -1400.0                 1400.0                  

===== fig23 - Reserve per converter Area 1 (Nordic) plg =====
t       Reserve Converter 1 [MW]
1       0.0                     
2       0.0                     
3       0.0                     
4       0.0                     
5       0.0                     
6       0.0                     
7       0.0                     
8       0.0                     
9       0.0                     
10      0.0                     
11      0.0                     
12      0.0                     
13      0.0                     
14      0.0                     
15      0.0                     
16      0.0                     
17      0.0                     
18      0.0                     
19      0.0                     
20      0.0                     
21      0.0                     
22      0.0                     
23      0.0                     
24      0.0                     

===== fig24 - Reserve per converter Area 1 (Nordic) plc =====
t       Reserve Converter 1 [MW]
1       0.0                     
2       0.0                     
3       0.0                     
4       0.0                     
5       0.0                     
6       0.0                     
7       0.0                     
8       0.0                     
9       0.0                     
10      0.0                     
11      0.0                     
12      0.0                     
13      0.0                     
14      0.0                     
15      0.0                     
16      0.0                     
17      0.0                     
18      0.0                     
19      0.0                     
20      0.0                     
21      0.0                     
22      0.0                     
23      0.0                     
24      0.0                     

===== fig25 - Reserve per converter Area 2 (GB) plg =====
t       Reserve Converter 2 [MW]
1       0.0                     
2       0.0                     
3       0.0                     
4       0.0                     
5       0.0                     
6       0.0                     
7       0.0                     
8       0.0                     
9       0.0                     
10      0.0                     
11      0.0                     
12      0.0                     
13      0.0                     
14      0.0                     
15      0.0                     
16      0.0                     
17      0.0                     
18      0.0                     
19      0.0                     
20      0.0                     
21      0.0                     
22      0.0                     
23      0.0                     
24      0.0                     

===== fig26 - Reserve per converter Area 2 (GB) plc =====
t       Reserve Converter 2 [MW]
1       0.0                     
2       0.0                     
3       0.0                     
4       0.0                     
5       0.0                     
6       0.0                     
7       0.0                     
8       0.0                     
9       0.0                     
10      0.0                     
11      0.0                     
12      0.0                     
13      0.0                     
14      0.0                     
15      0.0                     
16      0.0                     
17      0.0                     
18      0.0                     
19      0.0                     
20      0.0                     
21      0.0                     
22      0.0                     
23      0.0                     
24      0.0                     

===== fig29 - Power per converter =====
t       Converter 1 AC power [MW]Converter 2 AC power [MW]
1       -1400.0                 1400.0                  
2       -1400.0                 1400.0                  
3       -1400.0                 1400.0                  
4       -1400.0                 1400.0                  
5       -1400.0                 1400.0                  
6       -1400.0                 1400.0                  
7       -1400.0                 1400.0                  
8       -1400.0                 1400.0                  
9       -1400.0                 1400.0                  
10      -1400.0                 1400.0                  
11      -1400.0                 1400.0                  
12      -1400.0                 1400.0                  
13      -1400.0                 1400.0                  
14      -1400.0                 1400.0                  
15      -1400.0                 1400.0                  
16      -1400.0                 1400.0                  
17      -1400.0                 1400.0                  
18      -1400.0                 1400.0                  
19      -1400.0                 1400.0                  
20      -1400.0                 1400.0                  
21      -1400.0                 1400.0                  
22      -1400.0                 1400.0                  
23      -1400.0                 1400.0                  
24      -1400.0                 1400.0                  

===== fig30 - Failure binary variable (delta hvdc) =====
t       HVDC 1                  HVDC 2                  
1       1.0                     1.0                     
2       1.0                     1.0                     
3       1.0                     1.0                     
4       1.0                     1.0                     
5       1.0                     1.0                     
6       1.0                     1.0                     
7       1.0                     1.0                     
8       1.0                     1.0                     
9       1.0                     1.0                     
10      1.0                     1.0                     
11      1.0                     1.0                     
12      1.0                     1.0                     
13      1.0                     1.0                     
14      1.0                     1.0                     
15      1.0                     1.0                     
16      1.0                     1.0                     
17      1.0                     1.0                     
18      1.0                     1.0                     
19      1.0                     1.0                     
20      1.0                     1.0                     
21      1.0                     1.0                     
22      1.0                     1.0                     
23      1.0                     1.0                     
24      1.0                     1.0                     

===== fig31 - Reserve allocation Area 1 (Nordic) pl reserve =====
t       Reserve thermal generators [MW]Reserve electrolyzers [MW]Reserve storage [MW]    
1       0.0                     0.0                     0.0                     
2       0.0                     0.0                     0.0                     
3       0.0                     0.0                     0.0                     
4       0.0                     0.0                     0.0                     
5       0.0                     0.0                     0.0                     
6       0.0                     0.0                     0.0                     
7       0.0                     0.0                     0.0                     
8       0.0                     0.0                     0.0                     
9       0.0                     0.0                     0.0                     
10      0.0                     0.0                     0.0                     
11      0.0                     0.0                     0.0                     
12      0.0                     0.0                     0.0                     
13      0.0                     0.0                     0.0                     
14      0.0                     0.0                     0.0                     
15      0.0                     0.0                     0.0                     
16      0.0                     0.0                     0.0                     
17      0.0                     0.0                     0.0                     
18      0.0                     0.0                     0.0                     
19      0.0                     0.0                     0.0                     
20      0.0                     0.0                     0.0                     
21      0.0                     0.0                     0.0                     
22      0.0                     0.0                     0.0                     
23      0.0                     0.0                     0.0                     
24      0.0                     0.0                     0.0                     

===== fig32 - Reserve allocation Area 2 (GB) pl reserve =====
t       Reserve thermal generators [MW]Reserve electrolyzers [MW]Reserve storage [MW]    
1       0.0                     0.0                     0.0                     
2       0.0                     0.0                     0.0                     
3       0.0                     0.0                     0.0                     
4       0.0                     0.0                     0.0                     
5       0.0                     0.0                     0.0                     
6       0.0                     0.0                     0.0                     
7       0.0                     0.0                     0.0                     
8       0.0                     0.0                     0.0                     
9       0.0                     0.0                     0.0                     
10      0.0                     0.0                     0.0                     
11      0.0                     0.0                     0.0                     
12      0.0                     0.0                     0.0                     
13      0.0                     0.0                     0.0                     
14      0.0                     0.0                     0.0                     
15      0.0                     0.0                     0.0                     
16      0.0                     0.0                     0.0                     
17      0.0                     0.0                     0.0                     
18      0.0                     0.0                     0.0                     
19      0.0                     0.0                     0.0                     
20      0.0                     0.0                     0.0                     
21      0.0                     0.0                     0.0                     
22      0.0                     0.0                     0.0                     
23      0.0                     0.0                     0.0                     
24      0.0                     0.0                     0.0                     

===== fig33 - Procured Inertia Area 1 (Nordic) =====
t       Inertia Area 1 (Nordic) [GW*s]
1       251.93                  
2       319.912                 
3       319.912                 
4       319.912                 
5       319.912                 
6       319.912                 
7       319.912                 
8       321.8                   
9       325.389                 
10      325.389                 
11      321.943                 
12      319.912                 
13      319.912                 
14      320.125                 
15      325.032                 
16      325.389                 
17      325.389                 
18      325.389                 
19      325.389                 
20      321.8                   
21      320.296                 
22      321.203                 
23      319.912                 
24      321.203                 

===== fig34 - Procured Inertia Area 2 (GB) =====
t       Inertia Area 2 (GB) [GW*s]
1       245.75                  
2       245.75                  
3       245.75                  
4       245.75                  
5       227.75                  
6       221.75                  
7       221.75                  
8       221.75                  
9       221.75                  
10      221.75                  
11      121.75                  
12      67.75                   
13      67.75                   
14      67.75                   
15      69.75                   
16      103.75                  
17      149.75                  
18      149.75                  
19      149.75                  
20      149.75                  
21      149.75                  
22      149.75                  
23      149.75                  
24      149.75                  

===== fig35 - Renewable Generation by type Area 1 (Nordic) =====
t       Reservoir Generation [MW]Wind Generation [MW]    Solar Generation [MW]   
1       18930.036               22541.573               0.0                     
2       27107.164               24045.113               0.0                     
3       26391.69                23363.064               0.0                     
4       26900.724               22880.107               0.0                     
5       29731.361               23890.977               0.0                     
6       37150.109               27616.516               0.0                     
7       39464.036               30587.78                0.0                     
8       39658.576               32683.463               0.0                     
9       40768.824               34602.507               1344.1                  
10      39004.725               34896.822               8064.6                  
11      39279.18                35905.071               16129.2                 
12      36729.961               36975.401               22849.7                 
13      30217.837               39274.861               26880.045               
14      30303.195               40515.25                24193.8                 
15      34915.437               39335.692               17473.3                 
16      39208.972               44835.874               9408.7                  
17      41237.817               45885.945               2688.2                  
18      42986.69                48171.203               0.0                     
19      41103.904               45165.473               0.0                     
20      38855.88                42288.816               0.0                     
21      34640.965               38229.574               0.0                     
22      30047.21                35363.537               0.0                     
23      26313.63                32608.519               0.0                     
24      25315.727               29480.011               0.0                     

===== fig36 - Renewable Generation by type Area 2 (GB) =====
t       Reservoir Generation [MW]Wind Generation [MW]    Solar Generation [MW]   
1       0.0                     22001.863               0.0                     
2       0.0                     23174.546               0.0                     
3       0.0                     22517.191               0.0                     
4       0.0                     22051.719               0.0                     
5       0.0                     23025.991               0.0                     
6       0.0                     26814.138               0.0                     
7       0.0                     30329.934               0.0                     
8       0.0                     33216.849               0.0                     
9       0.0                     35243.384               235.0                   
10      0.0                     36934.432               1410.0                  
11      0.0                     38197.148               2820.0                  
12      0.0                     39489.563               3995.0                  
13      0.0                     41684.094               4700.0                  
14      0.0                     44480.362               4230.0                  
15      0.0                     47444.089               3055.0                  
16      0.0                     52075.878               1645.0                  
17      0.0                     54252.206               470.0                   
18      0.0                     55321.8                 0.0                     
19      0.0                     52786.465               0.0                     
20      0.0                     47418.686               0.0                     
21      0.0                     42406.2                 0.0                     
22      0.0                     39144.184               0.0                     
23      0.0                     35677.906               0.0                     
24      0.0                     33023.728               0.0                     

===== fig37 - Headroom by Area =====
t       Area 1 (Nordic) [MW]    Area 2 (GB) [MW]        
1       36128.064               19993.391               
2       44946.226               21166.254               
3       45661.7                 24379.686               
4       45143.642               25849.699               
5       42322.029               25227.196               
6       33058.804               24600.0                 
7       23147.713               18450.674               
8       15452.813               7790.822                
9       13130.958               12169.303               
10      17722.061               23671.661               
11      25842.923               12098.353               
12      34337.649               5350.0                  
13      41835.553               5350.0                  
14      41781.473               5350.0                  
15      36755.699               5600.0                  
16      32609.362               9727.083                
17      25646.638               8495.039                
18      23776.547               2860.069                
19      26106.733               2860.249                
20      32619.875               2860.069                
21      37335.085               2860.069                
22      41294.212               2860.069                
23      44737.323               3862.982                
24      46025.695               3715.725                

===== fig38 - Load shedding Area 1 (Nordic) and Area 2 (GB) =====
t       Area 1 (Nordic) [MW]    Area 2 (GB) [MW]        
1       0.0                     0.0                     
2       0.0                     0.0                     
3       0.0                     0.0                     
4       0.0                     0.0                     
5       0.0                     0.0                     
6       0.0                     0.0                     
7       0.0                     0.0                     
8       0.0                     0.0                     
9       0.0                     0.0                     
10      0.0                     0.0                     
11      0.0                     0.0                     
12      0.0                     0.0                     
13      0.0                     0.0                     
14      0.0                     0.0                     
15      0.0                     0.0                     
16      0.0                     0.0                     
17      0.0                     0.0                     
18      0.0                     0.0                     
19      0.0                     0.0                     
20      0.0                     0.0                     
21      0.0                     0.0                     
22      0.0                     0.0                     
23      0.0                     0.0                     
24      0.0                     0.0                     

===== fig39 - Reserve lg 2 and power loss reserve 1 =====
t       Reserve lg 2 [MW]       Power loss reserve 1 [MW]
1       0.0                     -0.0                    
2       0.0                     -0.0                    
3       0.0                     -0.0                    
4       0.0                     -0.0                    
5       0.0                     -0.0                    
6       0.0                     -0.0                    
7       0.0                     -0.0                    
8       0.0                     -0.0                    
9       0.0                     -0.0                    
10      0.0                     -0.0                    
11      0.0                     -0.0                    
12      0.0                     -0.0                    
13      0.0                     -0.0                    
14      0.0                     -0.0                    
15      0.0                     -0.0                    
16      0.0                     -0.0                    
17      0.0                     -0.0                    
18      0.0                     -0.0                    
19      0.0                     -0.0                    
20      0.0                     -0.0                    
21      0.0                     -0.0                    
22      0.0                     -0.0                    
23      0.0                     -0.0                    
24      0.0                     -0.0                    

===== fig41 - Renewable curtailment Area 1 (Nordic) =====
t       Solar Curtailment [MW]  Wind Curtailment [MW]   
1       -0.0                    286.805                 
2       -0.0                    0.0                     
3       -0.0                    0.0                     
4       -0.0                    -0.0                    
5       -0.0                    -0.0                    
6       -0.0                    204.912                 
7       -0.0                    881.519                 
8       -0.0                    1781.198                
9       0.0                     1964.818                
10      0.0                     3425.076                
11      0.0                     3726.978                
12      -0.0                    4240.389                
13      1.955                   4435.352                
14      -0.0                    6565.389                
15      0.0                     11124.364               
16      0.0                     9196.269                
17      -0.0                    10404.281               
18      -0.0                    9228.797                
19      -0.0                    9603.95                 
20      -0.0                    6911.184                
21      -0.0                    5769.643                
22      -0.0                    5251.124                
23      -0.0                    4409.651                
24      -0.0                    4784.274                

===== fig42 - Renewable curtailment Area 2 (GB) =====
t       Solar Curtailment [MW]  Wind Curtailment [MW]   
1       -0.0                    0.0                     
2       -0.0                    -0.0                    
3       -0.0                    0.0                     
4       -0.0                    -0.0                    
5       -0.0                    -0.0                    
6       -0.0                    -0.0                    
7       -0.0                    -0.0                    
8       -0.0                    0.0                     
9       -0.0                    0.0                     
10      -0.0                    0.0                     
11      -0.0                    0.0                     
12      0.0                     233.985                 
13      -0.0                    443.565                 
14      -0.0                    895.695                 
15      -0.0                    1189.032                
16      -0.0                    0.0                     
17      0.0                     -0.0                    
18      -0.0                    -0.0                    
19      -0.0                    -0.0                    
20      -0.0                    -0.0                    
21      -0.0                    0.0                     
22      -0.0                    0.0                     
23      -0.0                    0.0                     
24      -0.0                    0.0                     

===== fig43 - Total generation by technology Area 1 (Nordic) =====
t       Nuclear [MW]            Gas [MW]                Biomass [MW]            Oil [MW]                Reservoir (Hydro) [MW]  Pump [MW]               Solar [MW]              Wind [MW]               
1       2264.0                  0.0                     0.0                     0.0                     18930.036               0.0                     0.0                     22541.573               
2       2264.0                  0.0                     0.0                     0.0                     27107.164               0.0                     0.0                     24045.113               
3       2264.0                  0.0                     0.0                     0.0                     26391.69                0.0                     0.0                     23363.064               
4       2273.024                0.0                     0.0                     0.0                     26900.724               0.0                     0.0                     22880.107               
5       2264.0                  0.0                     0.0                     0.0                     29731.361               0.0                     0.0                     23890.977               
6       4108.477                0.0                     0.0                     0.0                     37150.109               0.0                     0.0                     27616.516               
7       11705.641               0.0                     0.0                     0.0                     39464.036               0.0                     0.0                     30587.78                
8       19630.803               0.0                     0.0                     0.0                     39658.576               47.198                  0.0                     32683.463               
9       21650.009               0.0                     0.0                     0.0                     40768.824               136.929                 1344.1                  34602.507               
10      18823.005               0.0                     0.0                     0.0                     39004.725               136.929                 8064.6                  34896.822               
11      9652.39                 0.0                     0.0                     0.0                     39279.18                50.787                  16129.2                 35905.071               
12      3249.781                0.0                     0.0                     0.0                     36729.961               0.0                     22849.7                 36975.401               
13      2264.0                  0.0                     0.0                     0.0                     30217.837               0.0                     26880.045               39274.861               
14      2280.656                0.0                     0.0                     0.0                     30303.195               5.326                   24193.8                 40515.25                
15      3798.42                 0.0                     0.0                     0.0                     34915.437               128.014                 17473.3                 39335.692               
16      3731.456                0.0                     0.0                     0.0                     39208.972               136.929                 9408.7                  44835.874               
17      8665.336                0.0                     0.0                     0.0                     41237.817               136.929                 2688.2                  45885.945               
18      8786.554                0.0                     0.0                     0.0                     42986.69                136.929                 0.0                     48171.203               
19      8339.154                0.0                     0.0                     0.0                     41103.904               136.929                 0.0                     45165.473               
20      3266.436                0.0                     0.0                     0.0                     38855.88                47.198                  0.0                     42288.816               
21      2427.74                 0.0                     0.0                     0.0                     34640.965               9.6                     0.0                     38229.574               
22      3266.436                0.0                     0.0                     0.0                     30047.21                32.272                  0.0                     35363.537               
23      3266.436                0.0                     0.0                     0.0                     26313.63                0.0                     0.0                     32608.519               
24      3266.436                0.0                     0.0                     0.0                     25315.727               32.272                  0.0                     29480.011               

===== fig44 - Total generation by technology Area 2 (GB) =====
t       Nuclear [MW]            Gas [MW]                Biomass [MW]            Oil [MW]                Reservoir (Hydro) [MW]  Pump [MW]               Solar [MW]              Wind [MW]               Rooftop Solar [MW]      
1       7200.0                  32606.609               0.0                     0.0                     0.0                     0.0                     0.0                     22001.863               0.0                     
2       7200.0                  31433.746               0.0                     0.0                     0.0                     0.0                     0.0                     23174.546               0.0                     
3       7200.0                  28220.314               0.0                     0.0                     0.0                     0.0                     0.0                     22517.191               0.0                     
4       7200.0                  26750.301               0.0                     0.0                     0.0                     0.0                     0.0                     22051.719               0.0                     
5       7200.0                  22872.804               0.0                     0.0                     0.0                     0.0                     0.0                     23025.991               0.0                     
6       7200.0                  22000.0                 0.0                     0.0                     0.0                     0.0                     0.0                     26814.138               0.0                     
7       7200.0                  28149.326               0.0                     0.0                     0.0                     0.0                     0.0                     30329.934               0.0                     
8       7200.0                  38809.178               0.0                     0.0                     0.0                     0.0                     0.0                     33216.849               0.0                     
9       7200.0                  34430.697               0.0                     0.0                     0.0                     0.0                     235.0                   35243.384               2115.0                  
10      7200.0                  22928.339               0.0                     0.0                     0.0                     0.0                     1410.0                  36934.432               12690.0                 
11      7200.0                  9501.647                0.0                     0.0                     0.0                     0.0                     2820.0                  38197.148               25380.0                 
12      7200.0                  2750.0                  0.0                     0.0                     0.0                     0.0                     3995.0                  39489.563               35955.0                 
13      7200.0                  2750.0                  0.0                     0.0                     0.0                     0.0                     4700.0                  41684.094               42300.0                 
14      7200.0                  2750.0                  0.0                     0.0                     0.0                     0.0                     4230.0                  44480.362               38070.0                 
15      7200.0                  3000.0                  0.0                     0.0                     0.0                     0.0                     3055.0                  47444.089               27495.0                 
16      7200.0                  7372.917                0.0                     0.0                     0.0                     0.0                     1645.0                  52075.878               14805.0                 
17      7200.0                  20104.961               0.0                     0.0                     0.0                     0.0                     470.0                   54252.206               4230.0                  
18      7200.0                  25739.931               0.0                     0.0                     0.0                     0.0                     0.0                     55321.8                 0.0                     
19      7200.0                  25739.751               0.0                     0.0                     0.0                     0.0                     0.0                     52786.465               0.0                     
20      7200.0                  25739.931               0.0                     0.0                     0.0                     0.0                     0.0                     47418.686               0.0                     
21      7200.0                  25739.931               0.0                     0.0                     0.0                     0.0                     0.0                     42406.2                 0.0                     
22      7200.0                  25739.931               0.0                     0.0                     0.0                     0.0                     0.0                     39144.184               0.0                     
23      7200.0                  24737.018               0.0                     0.0                     0.0                     0.0                     0.0                     35677.906               0.0                     
24      7200.0                  24884.275               0.0                     0.0                     0.0                     0.0                     0.0                     33023.728               0.0                     

===== Total energy generated by technology (sum over all hours) =====
technology          Area 1 (Nordic) [MWh]   Area 2 (GB) [MWh]       
Nuclear             153508.192              172800.0                
Gas                 0.0                     514751.605              
Biomass             0.0                     0.0                     
Oil                 0.0                     0.0                     
Reservoir (Hydro)   816263.65               0.0                     
Pump                1174.241                0.0                     
Solar               129031.645              22560.0                 
Wind                831143.148              898712.355              
Rooftop Solar       0.0                     203040.0                

