===== fig1 - Storage and Hydrogen flows Area 1 (Nordic) =====
t       Hydrogen injected [kg/h]Hydrogen stored [kg]    Hydrogen Electrolyzer [kg/h]Hydrogen consumed [kg/h]
1       0.0                     8275.86                 1724.13                 0.0                     
2       0.0                     8620.68                 1724.13                 0.0                     
3       0.0                     8965.499                1724.13                 0.0                     
4       0.0                     9310.319                1724.13                 0.0                     
5       0.0                     9655.139                1724.13                 0.0                     
6       0.0                     9999.958                1724.13                 0.0                     
7       0.0                     10344.778               1724.13                 0.0                     
8       0.0                     10689.598               1724.13                 0.0                     
9       0.0                     11034.417               1724.13                 0.0                     
10      0.0                     11379.237               1724.13                 0.0                     
11      0.0                     11724.057               1724.13                 0.0                     
12      551.585                 12068.876               1724.13                 0.0                     
13      0.0                     11800.824               1724.13                 0.0                     
14      0.0                     12145.644               1724.13                 0.0                     
15      1724.13                 12490.463               1724.13                 0.0                     
16      0.0                     10919.583               1724.13                 0.0                     
17      0.0                     11264.403               1724.13                 0.0                     
18      0.0                     11609.222               1724.13                 0.0                     
19      0.0                     11954.042               1724.13                 0.0                     
20      1724.13                 12298.862               1724.13                 0.0                     
21      0.0                     10727.981               1724.13                 0.0                     
22      0.0                     11072.801               1724.13                 0.0                     
23      1724.13                 11417.621               1724.13                 0.0                     
24      1724.13                 9846.74                 1724.13                 0.0                     

===== fig2 - Storage and Hydrogen flows Area 2 (GB) =====
t       Hydrogen injected [kg/h]Hydrogen stored [kg]    Hydrogen Electrolyzer [kg/h]Hydrogen consumed [kg/h]
1       3103.448                0.0                     17241.379               0.0                     
2       3103.448                0.0                     17241.379               0.0                     
3       3103.448                0.0                     17241.379               0.0                     
4       3103.448                0.0                     17241.379               0.0                     
5       3103.448                0.0                     17241.379               0.0                     
6       3103.448                0.0                     17241.379               0.0                     
7       3103.448                0.0                     17241.379               0.0                     
8       3103.448                0.0                     17241.379               0.0                     
9       3103.448                0.0                     17241.379               0.0                     
10      3103.448                0.0                     17241.379               0.0                     
11      3103.448                0.0                     17241.379               0.0                     
12      3103.448                0.0                     17241.379               0.0                     
13      3103.448                0.0                     17241.379               0.0                     
14      3103.448                0.0                     17241.379               0.0                     
15      3103.448                0.0                     17241.379               0.0                     
16      3103.448                0.0                     17241.379               0.0                     
17      3103.448                0.0                     17241.379               0.0                     
18      3103.448                0.0                     17241.379               0.0                     
19      3103.448                0.0                     17241.379               0.0                     
20      3103.448                0.0                     17241.379               0.0                     
21      3103.448                0.0                     17241.379               0.0                     
22      3103.448                0.0                     17241.379               0.0                     
23      3103.448                0.0                     17241.379               0.0                     
24      3103.448                0.0                     17241.379               0.0                     

===== fig3 - Energy and power flows of the storage Area 1 (Nordic) =====
t       charging power [MW]     discharging power [MW]  Energy stored [MWh]     
1       0.0                     0.0                     290.0                   
2       0.0                     0.0                     290.0                   
3       0.0                     0.0                     290.0                   
4       0.0                     0.18                    290.0                   
5       0.0                     0.0                     289.8                   
6       0.0                     0.0                     289.8                   
7       0.0                     0.0                     289.8                   
8       0.0                     0.0                     289.8                   
9       0.0                     0.0                     289.8                   
10      0.0                     0.0                     289.8                   
11      600.0                   0.0                     289.8                   
12      0.0                     0.0                     829.8                   
13      0.0                     0.0                     829.8                   
14      0.0                     0.0                     829.8                   
15      0.0                     0.0                     829.8                   
16      600.0                   0.0                     829.8                   
17      0.0                     0.0                     1369.8                  
18      0.0                     0.0                     1369.8                  
19      0.0                     371.82                  1369.8                  
20      0.0                     0.0                     956.667                 
21      0.0                     600.0                   956.667                 
22      0.0                     0.0                     290.0                   
23      0.0                     0.0                     290.0                   
24      0.0                     0.0                     290.0                   

===== fig4 - Energy and power flows of the storage Area 2 (GB) =====
t       charging power [MW]     discharging power [MW]  Energy stored [MWh]     
1       0.0                     0.0                     290.0                   
2       0.0                     0.0                     290.0                   
3       0.0                     0.0                     290.0                   
4       0.0                     0.0                     290.0                   
5       0.0                     0.0                     290.0                   
6       600.0                   0.0                     290.0                   
7       0.0                     0.0                     830.0                   
8       0.0                     0.0                     830.0                   
9       0.0                     0.0                     830.0                   
10      0.0                     0.0                     830.0                   
11      140.741                 0.0                     830.0                   
12      0.0                     0.0                     956.667                 
13      0.0                     0.0                     956.667                 
14      0.0                     0.0                     956.667                 
15      0.0                     0.0                     956.667                 
16      0.0                     0.0                     956.667                 
17      0.0                     600.0                   956.667                 
18      0.0                     0.0                     290.0                   
19      0.0                     0.0                     290.0                   
20      0.0                     0.0                     290.0                   
21      0.0                     0.0                     290.0                   
22      0.0                     0.0                     290.0                   
23      0.0                     0.0                     290.0                   
24      0.0                     0.0                     290.0                   

===== fig5 - Generation by unit Area 1 (Nordic) =====
t       Generator 1 [MW]        Generator 2 [MW]        Generator 3 [MW]        
1       1400.0                  204.282                 161.5                   
2       1544.812                204.282                 161.5                   
3       1500.993                737.632                 161.5                   
4       1469.965                204.282                 161.5                   
5       1534.91                 1534.91                 161.5                   
6       1787.427                1808.255                161.5                   
7       1861.855                1861.855                1608.269                
8       1916.196                1916.196                1608.269                
9       1834.838                1834.838                1608.269                
10      1892.252                1892.252                1608.269                
11      1956.945                1956.945                1608.269                
12      1747.23                 1747.23                 161.5                   
13      1991.964                204.282                 161.5                   
14      1945.956                204.282                 161.5                   
15      1682.799                1682.799                161.5                   
16      1974.927                1974.927                161.5                   
17      2180.526                2034.326                600.531                 
18      2325.971                2034.326                1608.269                
19      2092.033                2034.326                1608.269                
20      1919.104                1919.104                161.5                   
21      1850.118                1850.118                161.5                   
22      1791.109                204.282                 161.5                   
23      1555.571                204.282                 161.5                   
24      1416.225                1163.155                161.5                   

===== fig6 - Generation by unit Area 2 (GB) =====
t       Generator 4 [MW]        Generator 5 [MW]        Generator 6 [MW]        
1       500.0                   0.0                     500.0                   
2       500.0                   0.0                     500.0                   
3       500.0                   0.0                     500.0                   
4       500.0                   0.0                     500.0                   
5       500.0                   0.0                     500.0                   
6       500.0                   0.0                     500.0                   
7       500.0                   0.0                     500.0                   
8       500.0                   0.0                     500.0                   
9       500.0                   23.5                    0.0                     
10      500.0                   141.0                   0.0                     
11      500.0                   282.0                   0.0                     
12      0.0                     399.5                   0.0                     
13      0.0                     470.0                   0.0                     
14      0.0                     423.0                   0.0                     
15      0.0                     305.5                   0.0                     
16      0.0                     164.5                   0.0                     
17      0.0                     47.0                    0.0                     
18      0.0                     0.0                     0.0                     
19      0.0                     0.0                     0.0                     
20      0.0                     0.0                     0.0                     
21      0.0                     0.0                     0.0                     
22      0.0                     0.0                     0.0                     
23      0.0                     0.0                     250.0                   
24      0.0                     0.0                     500.0                   

===== fig7 - Loss of power area 1 (Nordic) =====
t       Loss generator 1 [MW]   Loss converter 1 [MW]   Loss reserve Area 1 [MW]
1       1400.0                  1400.0                  1400.0                  
2       1544.812                1400.0                  1544.812                
3       1500.993                1400.0                  1400.0                  
4       1469.965                1400.0                  1469.965                
5       1534.91                 1400.0                  1498.389                
6       1808.255                1400.0                  1744.898                
7       1861.855                1400.0                  1861.633                
8       1916.196                1400.0                  1916.196                
9       1834.838                1400.0                  1834.838                
10      1892.252                1400.0                  1872.986                
11      1956.945                1400.0                  1645.239                
12      1747.23                 1400.0                  1747.23                 
13      1991.964                1400.0                  1400.0                  
14      1945.956                1400.0                  1400.0                  
15      1682.799                1400.0                  1610.71                 
16      1974.927                1400.0                  1660.224                
17      2180.526                1400.0                  2180.526                
18      2325.971                1400.0                  2325.971                
19      2092.033                1400.0                  1856.89                 
20      1919.104                1400.0                  1913.546                
21      1850.118                1400.0                  1400.0                  
22      1791.109                1400.0                  1791.109                
23      1555.571                1400.0                  1555.571                
24      1416.225                1400.0                  1416.225                

===== fig8 - Loss of power area 2 (GB) =====
t       Loss generator 2 [MW]   Loss converter 2 [MW]   Loss reserve Area 2 [MW]
1       1400.0                  0.0                     0.0                     
2       1544.812                0.0                     0.0                     
3       1400.0                  0.0                     0.0                     
4       1469.965                0.0                     0.0                     
5       1498.389                0.0                     0.0                     
6       1744.898                0.0                     0.0                     
7       1861.633                0.0                     0.0                     
8       1916.196                0.0                     0.0                     
9       1834.838                0.0                     0.0                     
10      1872.986                0.0                     0.0                     
11      1645.239                0.0                     0.0                     
12      1747.23                 0.0                     0.0                     
13      1400.0                  0.0                     0.0                     
14      1400.0                  0.0                     0.0                     
15      1610.71                 0.0                     0.0                     
16      1660.224                0.0                     0.0                     
17      2180.526                0.0                     0.0                     
18      2325.971                0.0                     0.0                     
19      1856.891                0.0                     0.0                     
20      1913.546                0.0                     0.0                     
21      1400.0                  0.0                     0.0                     
22      1791.109                0.0                     0.0                     
23      1555.571                0.0                     0.0                     
24      1416.225                0.0                     0.0                     

===== fig9 - Reserve allocation Area 1 (Nordic) plg =====
t       Reserve thermal generators [MW]Reserve electrolyzers [MW]Reserve HVDC [MW]       Reserve storage [MW]    
1       290.206                 900.0                   0.0                     209.794                 
2       297.623                 900.0                   0.0                     347.189                 
3       297.623                 900.0                   0.0                     303.37                  
4       297.623                 900.0                   0.0                     272.342                 
5       297.623                 900.0                   0.0                     337.286                 
6       297.623                 900.0                   0.0                     610.631                 
7       311.855                 900.0                   0.0                     650.0                   
8       311.706                 900.0                   0.0                     704.491                 
9       315.445                 900.0                   0.0                     619.392                 
10      315.296                 900.0                   0.0                     676.956                 
11      311.706                 900.0                   0.0                     745.239                 
12      309.738                 900.0                   0.0                     537.492                 
13      309.738                 900.0                   0.0                     782.226                 
14      309.738                 900.0                   0.0                     736.218                 
15      309.738                 900.0                   0.0                     473.061                 
16      315.445                 900.0                   0.0                     759.482                 
17      315.445                 900.0                   0.0                     965.08                  
18      315.445                 900.0                   0.0                     1110.526                
19      315.445                 900.0                   0.0                     876.588                 
20      315.445                 900.0                   0.0                     703.658                 
21      309.738                 900.0                   0.0                     640.38                  
22      309.738                 900.0                   0.0                     581.371                 
23      309.738                 900.0                   0.0                     345.833                 
24      309.738                 900.0                   0.0                     206.487                 

===== fig10 - Reserve allocation Area 1 (Nordic) plc =====
t       Reserve thermal generators [MW]Reserve electrolyzers [MW]Reserve HVDC [MW]       Reserve storage [MW]    
1       290.206                 900.0                   0.0                     209.794                 
2       292.629                 900.0                   0.0                     207.372                 
3       248.788                 900.0                   0.0                     303.37                  
4       284.464                 900.0                   0.0                     272.342                 
5       283.97                  900.0                   0.0                     216.03                  
6       110.036                 900.0                   0.0                     389.965                 
7       0.0                     900.0                   0.0                     500.0                   
8       0.0                     900.0                   0.0                     500.0                   
9       201.783                 900.0                   0.0                     493.889                 
10      0.0                     900.0                   0.0                     500.0                   
11      0.0                     900.0                   0.0                     500.0                   
12      309.738                 900.0                   0.0                     190.262                 
13      0.0                     900.0                   0.0                     500.0                   
14      268.435                 900.0                   0.0                     421.993                 
15      291.278                 900.0                   0.0                     208.722                 
16      0.0                     900.0                   0.0                     500.0                   
17      232.824                 900.0                   0.0                     460.191                 
18      0.0                     900.0                   0.0                     500.0                   
19      0.0                     900.0                   0.0                     500.0                   
20      0.0                     900.0                   0.0                     500.0                   
21      266.117                 900.0                   0.0                     424.244                 
22      269.197                 900.0                   0.0                     230.804                 
23      301.863                 900.0                   0.0                     345.833                 
24      309.738                 900.0                   0.0                     206.487                 

===== fig11 - Reserve allocation Area 2 (GB) plg =====
t       Reserve thermal generators [MW]Reserve electrolyzers [MW]Reserve HVDC [MW]       Reserve storage [MW]    
1       0.0                     0.0                     1400.0                  0.0                     
2       0.0                     0.0                     1544.812                0.0                     
3       0.0                     0.0                     1400.0                  0.0                     
4       0.0                     0.0                     1469.965                0.0                     
5       0.0                     0.0                     1498.389                0.0                     
6       0.0                     0.0                     1744.898                0.0                     
7       0.0                     0.0                     1861.633                0.0                     
8       0.0                     0.0                     1916.196                0.0                     
9       0.0                     0.0                     1834.838                0.0                     
10      0.0                     0.0                     1872.986                0.0                     
11      0.0                     0.0                     1645.239                0.0                     
12      0.0                     0.0                     1747.23                 0.0                     
13      0.0                     0.0                     1400.0                  0.0                     
14      0.0                     0.0                     1400.0                  0.0                     
15      0.0                     0.0                     1610.71                 0.0                     
16      0.0                     0.0                     1660.224                0.0                     
17      0.0                     0.0                     2180.526                0.0                     
18      0.0                     0.0                     2325.971                0.0                     
19      0.0                     0.0                     1856.89                 0.0                     
20      0.0                     0.0                     1913.546                0.0                     
21      0.0                     0.0                     1400.0                  0.0                     
22      0.0                     0.0                     1791.109                0.0                     
23      0.0                     0.0                     1555.571                0.0                     
24      0.0                     0.0                     1416.225                0.0                     

===== fig12 - Reserve allocation Area 2 (GB) plc =====
t       Reserve thermal generators [MW]Reserve electrolyzers [MW]Reserve HVDC [MW]       Reserve storage [MW]    
1       0.0                     0.0                     0.0                     0.0                     
2       0.0                     0.0                     0.0                     0.0                     
3       0.0                     0.0                     0.0                     0.0                     
4       0.0                     0.0                     0.0                     0.0                     
5       0.0                     0.0                     0.0                     0.0                     
6       0.0                     0.0                     0.0                     0.0                     
7       0.0                     0.0                     0.0                     0.0                     
8       0.0                     0.0                     0.0                     0.0                     
9       0.0                     0.0                     0.0                     0.0                     
10      0.0                     0.0                     0.0                     0.0                     
11      0.0                     0.0                     0.0                     0.0                     
12      0.0                     0.0                     0.0                     0.0                     
13      0.0                     0.0                     0.0                     0.0                     
14      0.0                     0.0                     0.0                     0.0                     
15      0.0                     0.0                     0.0                     0.0                     
16      0.0                     0.0                     0.0                     0.0                     
17      0.0                     0.0                     0.0                     0.0                     
18      0.0                     0.0                     0.0                     0.0                     
19      0.0                     0.0                     0.0                     0.0                     
20      0.0                     0.0                     0.0                     0.0                     
21      0.0                     0.0                     0.0                     0.0                     
22      0.0                     0.0                     0.0                     0.0                     
23      0.0                     0.0                     0.0                     0.0                     
24      0.0                     0.0                     0.0                     0.0                     

===== fig13 - HVDC power flows =====
t       Flow HVDC 1-2 [MW]      
1       -1400.0                 
2       -1400.0                 
3       -1400.0                 
4       -1400.0                 
5       -1400.0                 
6       -1400.0                 
7       -1400.0                 
8       -1400.0                 
9       -1400.0                 
10      -1400.0                 
11      -1400.0                 
12      -1400.0                 
13      -1400.0                 
14      -1400.0                 
15      -1400.0                 
16      -1400.0                 
17      -1400.0                 
18      -1400.0                 
19      -1400.0                 
20      -1400.0                 
21      -1400.0                 
22      -1400.0                 
23      -1400.0                 
24      -1400.0                 

===== fig14 - Sum Of Power Flows HVDC Links =====
t       Sum Of Flows 12 [MW]    
1       -1400.0                 
2       -1400.0                 
3       -1400.0                 
4       -1400.0                 
5       -1400.0                 
6       -1400.0                 
7       -1400.0                 
8       -1400.0                 
9       -1400.0                 
10      -1400.0                 
11      -1400.0                 
12      -1400.0                 
13      -1400.0                 
14      -1400.0                 
15      -1400.0                 
16      -1400.0                 
17      -1400.0                 
18      -1400.0                 
19      -1400.0                 
20      -1400.0                 
21      -1400.0                 
22      -1400.0                 
23      -1400.0                 
24      -1400.0                 

===== fig15 - Demand without Electrolyzers and BESS =====
t       Total Demand Area 1 (Nordic) [MW]Total Demand Area 2 (GB) [MW]
1       40579.417               58064.516               
2       50885.301               58064.516               
3       49597.065               54193.548               
4       49597.065               52258.065               
5       53461.772               49354.839               
6       66344.126               52258.065               
7       79226.481               61935.484               
8       89532.364               75483.871               
9       95973.542               75483.871               
10      98550.013               77419.355               
11      98550.013               79354.839               
12      97261.777               76838.71                
13      95973.542               77032.258               
14      94685.306               77167.742               
15      93397.071               77419.355               
16      94685.306               79354.839               
17      95973.542               90000.0                 
18      97261.777               89032.258               
19      92108.835               85161.29                
20      81802.952               84193.548               
21      72785.303               83225.806               
22      66344.126               73548.387               
23      59902.949               63870.968               
24      56038.242               61548.387               

===== fig16 - Demand with Electrolyzers and BESS =====
t       Demand Area 1 (Nordic) [MW]Demand Area 2 (GB) [MW] 
1       40682.296               59098.492               
2       50988.179               59098.492               
3       49699.944               55227.524               
4       49699.764               53292.04                
5       53564.65                50388.815               
6       66447.005               53892.04                
7       79329.36                62969.46                
8       89635.243               76517.847               
9       96076.421               76517.847               
10      98652.891               78453.331               
11      99252.891               80529.555               
12      97365.577               77872.686               
13      96076.421               78066.234               
14      94788.185               78201.718               
15      93502.829               78453.331               
16      95388.185               80388.815               
17      96076.421               90433.976               
18      97364.656               90066.234               
19      91839.894               86195.266               
20      81908.71                85227.524               
21      72288.182               84259.782               
22      66447.005               74582.363               
23      60008.707               64904.944               
24      56144.001               62582.363               

===== fig22 - Flow+Reserve =====
t       -Flow12 + Reserve(lg) Converter 1 [MW]Flow12 + Reserve(lg) Converter 2 [MW]-Flow12 + Reserve(lc) Converter 1 [MW]Flow12 + Reserve(lc) Converter 2 [MW]
1       1400.0                  -0.0                    1400.0                  -1400.0                 
2       1400.0                  144.812                 1400.0                  -1400.0                 
3       1400.0                  -0.0                    1400.0                  -1400.0                 
4       1400.0                  69.965                  1400.0                  -1400.0                 
5       1400.0                  98.389                  1400.0                  -1400.0                 
6       1400.0                  344.898                 1400.0                  -1400.0                 
7       1400.0                  461.633                 1400.0                  -1400.0                 
8       1400.0                  516.196                 1400.0                  -1400.0                 
9       1400.0                  434.838                 1400.0                  -1400.0                 
10      1400.0                  472.986                 1400.0                  -1400.0                 
11      1400.0                  245.239                 1400.0                  -1400.0                 
12      1400.0                  347.23                  1400.0                  -1400.0                 
13      1400.0                  -0.0                    1400.0                  -1400.0                 
14      1400.0                  -0.0                    1400.0                  -1400.0                 
15      1400.0                  210.71                  1400.0                  -1400.0                 
16      1400.0                  260.224                 1400.0                  -1400.0                 
17      1400.0                  780.525                 1400.0                  -1400.0                 
18      1400.0                  925.971                 1400.0                  -1400.0                 
19      1400.0                  456.89                  1400.0                  -1400.0                 
20      1400.0                  513.546                 1400.0                  -1400.0                 
21      1400.0                  -0.0                    1400.0                  -1400.0                 
22      1400.0                  391.109                 1400.0                  -1400.0                 
23      1400.0                  155.571                 1400.0                  -1400.0                 
24      1400.0                  16.225                  1400.0                  -1400.0                 

===== fig23 - Reserve per converter Area 1 (Nordic) plg =====
t       Reserve Converter 1 [MW]
1       0.0                     
2       0.0                     
3       0.0                     
4       0.0                     
5       0.0                     
6       0.0                     
7       0.0                     
8       0.0                     
9       0.0                     
10      0.0                     
11      0.0                     
12      0.0                     
13      0.0                     
14      0.0                     
15      0.0                     
16      0.0                     
17      0.0                     
18      0.0                     
19      0.0                     
20      0.0                     
21      0.0                     
22      0.0                     
23      0.0                     
24      0.0                     

===== fig24 - Reserve per converter Area 1 (Nordic) plc =====
t       Reserve Converter 1 [MW]
1       0.0                     
2       0.0                     
3       0.0                     
4       0.0                     
5       0.0                     
6       0.0                     
7       0.0                     
8       0.0                     
9       0.0                     
10      0.0                     
11      0.0                     
12      0.0                     
13      0.0                     
14      0.0                     
15      0.0                     
16      0.0                     
17      0.0                     
18      0.0                     
19      0.0                     
20      0.0                     
21      0.0                     
22      0.0                     
23      0.0                     
24      0.0                     

===== fig25 - Reserve per converter Area 2 (GB) plg =====
t       Reserve Converter 2 [MW]
1       1400.0                  
2       1544.812                
3       1400.0                  
4       1469.965                
5       1498.389                
6       1744.898                
7       1861.633                
8       1916.196                
9       1834.838                
10      1872.986                
11      1645.239                
12      1747.23                 
13      1400.0                  
14      1400.0                  
15      1610.71                 
16      1660.224                
17      2180.526                
18      2325.971                
19      1856.89                 
20      1913.546                
21      1400.0                  
22      1791.109                
23      1555.571                
24      1416.225                

===== fig26 - Reserve per converter Area 2 (GB) plc =====
t       Reserve Converter 2 [MW]
1       0.0                     
2       0.0                     
3       0.0                     
4       0.0                     
5       0.0                     
6       0.0                     
7       0.0                     
8       0.0                     
9       0.0                     
10      0.0                     
11      0.0                     
12      0.0                     
13      0.0                     
14      0.0                     
15      0.0                     
16      0.0                     
17      0.0                     
18      0.0                     
19      0.0                     
20      0.0                     
21      0.0                     
22      0.0                     
23      0.0                     
24      0.0                     

===== fig29 - Power per converter =====
t       Converter 1 AC power [MW]Converter 2 AC power [MW]
1       1400.0                  -1400.0                 
2       1400.0                  -1400.0                 
3       1400.0                  -1400.0                 
4       1400.0                  -1400.0                 
5       1400.0                  -1400.0                 
6       1400.0                  -1400.0                 
7       1400.0                  -1400.0                 
8       1400.0                  -1400.0                 
9       1400.0                  -1400.0                 
10      1400.0                  -1400.0                 
11      1400.0                  -1400.0                 
12      1400.0                  -1400.0                 
13      1400.0                  -1400.0                 
14      1400.0                  -1400.0                 
15      1400.0                  -1400.0                 
16      1400.0                  -1400.0                 
17      1400.0                  -1400.0                 
18      1400.0                  -1400.0                 
19      1400.0                  -1400.0                 
20      1400.0                  -1400.0                 
21      1400.0                  -1400.0                 
22      1400.0                  -1400.0                 
23      1400.0                  -1400.0                 
24      1400.0                  -1400.0                 

===== fig30 - Failure binary variable (delta hvdc) =====
t       HVDC 1                  HVDC 2                  
1       1.0                     1.0                     
2       1.0                     1.0                     
3       1.0                     1.0                     
4       1.0                     1.0                     
5       1.0                     1.0                     
6       1.0                     1.0                     
7       1.0                     1.0                     
8       1.0                     1.0                     
9       1.0                     1.0                     
10      1.0                     1.0                     
11      1.0                     1.0                     
12      1.0                     1.0                     
13      1.0                     1.0                     
14      1.0                     1.0                     
15      1.0                     1.0                     
16      1.0                     1.0                     
17      1.0                     1.0                     
18      1.0                     1.0                     
19      1.0                     1.0                     
20      1.0                     1.0                     
21      1.0                     1.0                     
22      1.0                     1.0                     
23      1.0                     1.0                     
24      1.0                     1.0                     

===== fig31 - Reserve allocation Area 1 (Nordic) pl reserve =====
t       Reserve thermal generators [MW]Reserve electrolyzers [MW]Reserve storage [MW]    
1       290.206                 900.0                   209.794                 
2       297.623                 900.0                   347.189                 
3       243.74                  900.0                   303.37                  
4       297.623                 900.0                   272.342                 
5       297.623                 900.0                   337.286                 
6       297.623                 836.643                 610.631                 
7       311.633                 900.0                   650.0                   
8       311.706                 900.0                   704.491                 
9       315.445                 900.0                   619.392                 
10      311.706                 900.0                   676.956                 
11      0.0                     900.0                   745.239                 
12      309.738                 900.0                   537.492                 
13      0.0                     900.0                   500.0                   
14      209.077                 900.0                   290.923                 
15      237.649                 900.0                   473.061                 
16      55.697                  900.0                   759.482                 
17      315.445                 900.0                   965.08                  
18      315.445                 900.0                   1110.526                
19      80.303                  900.0                   876.588                 
20      309.888                 900.0                   703.658                 
21      299.823                 900.0                   422.522                 
22      309.738                 900.0                   581.371                 
23      309.738                 900.0                   345.833                 
24      309.738                 900.0                   206.487                 

===== fig32 - Reserve allocation Area 2 (GB) pl reserve =====
t       Reserve thermal generators [MW]Reserve electrolyzers [MW]Reserve storage [MW]    
1       0.0                     0.0                     0.0                     
2       0.0                     0.0                     0.0                     
3       0.0                     0.0                     0.0                     
4       0.0                     0.0                     0.0                     
5       0.0                     0.0                     0.0                     
6       0.0                     0.0                     0.0                     
7       0.0                     0.0                     0.0                     
8       0.0                     0.0                     0.0                     
9       0.0                     0.0                     0.0                     
10      0.0                     0.0                     0.0                     
11      0.0                     0.0                     0.0                     
12      0.0                     0.0                     0.0                     
13      0.0                     0.0                     0.0                     
14      0.0                     0.0                     0.0                     
15      0.0                     0.0                     0.0                     
16      0.0                     0.0                     0.0                     
17      0.0                     0.0                     0.0                     
18      0.0                     0.0                     0.0                     
19      0.0                     0.0                     0.0                     
20      0.0                     0.0                     0.0                     
21      0.0                     0.0                     0.0                     
22      0.0                     0.0                     0.0                     
23      0.0                     0.0                     0.0                     
24      0.0                     0.0                     0.0                     

===== fig33 - Procured Inertia Area 1 (Nordic) =====
t       Inertia Area 1 (Nordic) [GW*s]
1       301.166                 
2       308.284                 
3       308.284                 
4       308.284                 
5       308.284                 
6       308.284                 
7       321.943                 
8       321.8                   
9       325.389                 
10      325.245                 
11      321.8                   
12      319.912                 
13      319.912                 
14      319.912                 
15      319.912                 
16      325.389                 
17      325.389                 
18      325.389                 
19      325.389                 
20      325.389                 
21      319.912                 
22      319.912                 
23      319.912                 
24      319.912                 

===== fig34 - Procured Inertia Area 2 (GB) =====
t       Inertia Area 2 (GB) [GW*s]
1       203.2                   
2       194.15                  
3       170.4                   
4       160.8                   
5       155.2                   
6       161.2                   
7       181.2                   
8       190.4                   
9       179.35                  
10      144.8                   
11      106.4                   
12      70.0                    
13      77.75                   
14      77.75                   
15      88.0                    
16      139.6                   
17      164.4                   
18      176.4                   
19      185.6                   
20      192.0                   
21      200.55                  
22      175.2                   
23      159.6                   
24      150.8                   

===== fig35 - Renewable Generation by type Area 1 (Nordic) =====
t       Reservoir Generation [MW]Wind Generation [MW]    Solar Generation [MW]   
1       15931.829               22341.649               0.0                     
2       24609.255               23743.021               0.0                     
3       23994.5                 23069.541               0.0                     
4       24471.389               22592.652               0.0                     
5       27259.303               23590.822               0.0                     
6       36258.185               27513.549               0.0                     
7       39487.321               30594.13                0.0                     
8       40327.82                32955.918               0.0                     
9       39480.263               33975.211               1344.1                  
10      39957.843               35452.287               8064.6                  
11      40445.17                36664.331               16129.2                 
12      35912.516               35854.028               22849.7                 
13      27417.837               39274.861               26880.045               
14      27537.864               40506.835               24193.8                 
15      33827.778               39386.03                17473.3                 
16      38714.936               43904.199               9408.7                  
17      42422.348               46969.653               2688.2                  
18      43585.913               48920.231               0.0                     
19      41714.407               45404.857               0.0                     
20      37903.888               41185.769               0.0                     
21      32103.269               38139.39                0.0                     
22      27787.112               35955.361               0.0                     
23      24986.691               32079.067               0.0                     
24      23581.694               29480.011               0.0                     

===== fig36 - Renewable Generation by type Area 2 (GB) =====
t       Reservoir Generation [MW]Wind Generation [MW]    Solar Generation [MW]   
1       0.0                     21511.675               0.0                     
2       0.0                     23001.85                0.0                     
3       0.0                     22183.121               0.0                     
4       0.0                     21887.391               0.0                     
5       0.0                     22817.881               0.0                     
6       0.0                     26571.791               0.0                     
7       0.0                     29831.709               0.0                     
8       0.0                     32425.933               0.0                     
9       0.0                     33960.008               235.0                   
10      0.0                     35439.804               1410.0                  
11      0.0                     34563.421               2820.0                  
12      0.0                     35600.224               3995.0                  
13      0.0                     34234.424               4700.0                  
14      0.0                     38360.016               4230.0                  
15      0.0                     42776.956               3055.0                  
16      0.0                     44942.187               1645.0                  
17      0.0                     49802.508               470.0                   
18      0.0                     51296.656               0.0                     
19      0.0                     47081.917               0.0                     
20      0.0                     43567.846               0.0                     
21      0.0                     37272.991               0.0                     
22      0.0                     36929.747               0.0                     
23      0.0                     33351.831               0.0                     
24      0.0                     30759.777               0.0                     

===== fig37 - Headroom by Area =====
t       Area 1 (Nordic) [MW]    Area 2 (GB) [MW]        
1       51435.081               1600.0                  
2       44537.275               3620.751                
3       45152.03                1650.0                  
4       44675.141               1420.141                
5       41887.227               1854.834                
6       32888.345               1720.408                
7       26507.392               2800.0                  
8       18470.777               1450.0                  
9       15429.122               815.162                 
10      20954.634               0.0                     
11      29249.994               619.043                 
12      36140.874               808.31                  
13      44635.553               5200.0                  
14      44515.526               4950.0                  
15      38225.612               3257.161                
16      34570.855               7009.104                
17      29421.976               3100.0                  
18      27250.673               2150.0                  
19      29122.178               1550.0                  
20      35381.903               1400.0                  
21      39950.121               3350.0                  
22      44266.278               685.564                 
23      47066.699               1827.715                
24      48471.696               2035.099                

===== fig38 - Load shedding Area 1 (Nordic) and Area 2 (GB) =====
t       Area 1 (Nordic) [MW]    Area 2 (GB) [MW]        
1       0.0                     0.0                     
2       0.0                     0.0                     
3       0.0                     0.0                     
4       0.0                     0.0                     
5       0.0                     0.0                     
6       0.0                     0.0                     
7       0.0                     0.0                     
8       0.0                     0.0                     
9       0.0                     0.0                     
10      0.0                     0.0                     
11      0.0                     0.0                     
12      0.0                     0.0                     
13      0.0                     0.0                     
14      0.0                     0.0                     
15      0.0                     0.0                     
16      0.0                     0.0                     
17      0.0                     0.0                     
18      0.0                     0.0                     
19      0.0                     0.0                     
20      0.0                     0.0                     
21      0.0                     0.0                     
22      0.0                     0.0                     
23      0.0                     0.0                     
24      0.0                     0.0                     

===== fig39 - Reserve lg 2 and power loss reserve 1 =====
t       Reserve lg 2 [MW]       Power loss reserve 1 [MW]
1       1400.0                  1400.0                  
2       1544.812                1544.812                
3       1400.0                  1400.0                  
4       1469.965                1469.965                
5       1498.389                1498.389                
6       1744.898                1744.898                
7       1861.633                1861.633                
8       1916.196                1916.196                
9       1834.838                1834.838                
10      1872.986                1872.986                
11      1645.239                1645.239                
12      1747.23                 1747.23                 
13      1400.0                  1400.0                  
14      1400.0                  1400.0                  
15      1610.71                 1610.71                 
16      1660.224                1660.224                
17      2180.526                2180.526                
18      2325.971                2325.971                
19      1856.89                 1856.89                 
20      1913.546                1913.546                
21      1400.0                  1400.0                  
22      1791.109                1791.109                
23      1555.571                1555.571                
24      1416.225                1416.225                

===== fig41 - Renewable curtailment Area 1 (Nordic) =====
t       Solar Curtailment [MW]  Wind Curtailment [MW]   
1       -0.0                    486.729                 
2       -0.0                    302.091                 
3       -0.0                    293.523                 
4       -0.0                    287.455                 
5       -0.0                    300.155                 
6       -0.0                    307.88                  
7       -0.0                    875.168                 
8       -0.0                    1508.744                
9       -0.0                    2592.113                
10      0.0                     2869.611                
11      -0.0                    2967.717                
12      -0.0                    5361.761                
13      1.955                   4435.352                
14      -0.0                    6573.804                
15      -0.0                    11074.027               
16      0.0                     10127.944               
17      -0.0                    9320.572                
18      -0.0                    8479.769                
19      -0.0                    9364.566                
20      -0.0                    8014.231                
21      -0.0                    5859.827                
22      -0.0                    4659.301                
23      -0.0                    4939.103                
24      -0.0                    4784.274                

===== fig42 - Renewable curtailment Area 2 (GB) =====
t       Solar Curtailment [MW]  Wind Curtailment [MW]   
1       -0.0                    490.188                 
2       -0.0                    172.696                 
3       -0.0                    334.07                  
4       -0.0                    164.329                 
5       -0.0                    208.11                  
6       -0.0                    242.347                 
7       -0.0                    498.225                 
8       -0.0                    790.915                 
9       -0.0                    1283.376                
10      -0.0                    1494.628                
11      -0.0                    3633.727                
12      -0.0                    4123.324                
13      -0.0                    7893.235                
14      -0.0                    7016.041                
15      -0.0                    5856.165                
16      -0.0                    7133.691                
17      -0.0                    4449.698                
18      -0.0                    4025.144                
19      -0.0                    5704.548                
20      -0.0                    3850.84                 
21      -0.0                    5133.209                
22      -0.0                    2214.437                
23      -0.0                    2326.075                
24      -0.0                    2263.95                 

===== fig43 - Total generation by technology Area 1 (Nordic) =====
t       Nuclear [MW]            Gas [MW]                Biomass [MW]            Oil [MW]                Reservoir (Hydro) [MW]  Pump [MW]               Solar [MW]              Wind [MW]               
1       2264.0                  0.0                     0.0                     0.0                     15931.829               0.0                     0.0                     22341.649               
2       2264.0                  0.0                     0.0                     0.0                     24609.255               0.0                     0.0                     23743.021               
3       2264.0                  0.0                     0.0                     0.0                     23994.5                 0.0                     0.0                     23069.541               
4       2264.0                  0.0                     0.0                     0.0                     24471.389               0.0                     0.0                     22592.652               
5       2264.0                  0.0                     0.0                     0.0                     27259.303               0.0                     0.0                     23590.822               
6       2264.0                  0.0                     0.0                     0.0                     36258.185               0.0                     0.0                     27513.549               
7       8779.78                 0.0                     0.0                     0.0                     39487.321               50.787                  0.0                     30594.13                
8       15943.595               0.0                     0.0                     0.0                     40327.82                47.198                  0.0                     32955.918               
9       20640.406               0.0                     0.0                     0.0                     39480.263               136.929                 1344.1                  33975.211               
10      14605.013               0.0                     0.0                     0.0                     39957.843               133.34                  8064.6                  35452.287               
11      5047.028                0.0                     0.0                     0.0                     40445.17                47.198                  16129.2                 36664.331               
12      2264.0                  0.0                     0.0                     0.0                     35912.516               0.0                     22849.7                 35854.028               
13      2264.0                  0.0                     0.0                     0.0                     27417.837               0.0                     26880.045               39274.861               
14      2264.0                  0.0                     0.0                     0.0                     27537.864               0.0                     24193.8                 40506.835               
15      2264.0                  0.0                     0.0                     0.0                     33827.778               0.0                     17473.3                 39386.03                
16      2264.0                  0.0                     0.0                     0.0                     38714.936               136.929                 9408.7                  43904.199               
17      3705.467                0.0                     0.0                     0.0                     42422.348               136.929                 2688.2                  46969.653               
18      4713.205                0.0                     0.0                     0.0                     43585.913               136.929                 0.0                     48920.231               
19      4713.205                0.0                     0.0                     0.0                     41714.407               136.929                 0.0                     45404.857               
20      2264.0                  0.0                     0.0                     0.0                     37903.888               136.929                 0.0                     41185.769               
21      2264.0                  0.0                     0.0                     0.0                     32103.269               0.0                     0.0                     38139.39                
22      2264.0                  0.0                     0.0                     0.0                     27787.112               0.0                     0.0                     35955.361               
23      2264.0                  0.0                     0.0                     0.0                     24986.691               0.0                     0.0                     32079.067               
24      2264.0                  0.0                     0.0                     0.0                     23581.694               0.0                     0.0                     29480.011               

===== fig44 - Total generation by technology Area 2 (GB) =====
t       Nuclear [MW]            Gas [MW]                Biomass [MW]            Oil [MW]                Reservoir (Hydro) [MW]  Pump [MW]               Solar [MW]              Wind [MW]               Rooftop Solar [MW]      
1       5600.0                  41800.0                 0.0                     0.0                     0.0                     0.0                     0.0                     21511.675               0.0                     
2       6179.249                37100.0                 0.0                     0.0                     0.0                     0.0                     0.0                     23001.85                0.0                     
3       5600.0                  33550.0                 0.0                     0.0                     0.0                     0.0                     0.0                     22183.121               0.0                     
4       5879.859                31100.0                 0.0                     0.0                     0.0                     0.0                     0.0                     21887.391               0.0                     
5       5895.166                29250.0                 0.0                     0.0                     0.0                     0.0                     0.0                     22817.881               0.0                     
6       6979.592                29800.0                 0.0                     0.0                     0.0                     0.0                     0.0                     26571.791               0.0                     
7       7200.0                  33500.0                 0.0                     0.0                     0.0                     0.0                     0.0                     29831.709               0.0                     
8       7200.0                  37150.0                 0.0                     0.0                     0.0                     0.0                     0.0                     32425.933               0.0                     
9       7200.0                  33350.0                 0.0                     0.0                     0.0                     1834.838                235.0                   33960.008               2115.0                  
10      7200.0                  27200.0                 0.0                     0.0                     0.0                     0.0                     1410.0                  35439.804               12690.0                 
11      6580.957                17600.0                 0.0                     0.0                     0.0                     0.0                     2820.0                  34563.421               25380.0                 
12      6641.69                 8250.0                  0.0                     0.0                     0.0                     0.0                     3995.0                  35600.224               35955.0                 
13      5600.0                  7000.0                  0.0                     0.0                     0.0                     0.0                     4700.0                  34234.424               42300.0                 
14      5600.0                  7250.0                  0.0                     0.0                     0.0                     0.0                     4230.0                  38360.016               38070.0                 
15      6442.839                10500.0                 0.0                     0.0                     0.0                     0.0                     3055.0                  42776.956               27495.0                 
16      6640.896                19450.0                 0.0                     0.0                     0.0                     0.0                     1645.0                  44942.187               14805.0                 
17      7200.0                  29000.0                 0.0                     0.0                     0.0                     0.0                     470.0                   49802.508               4230.0                  
18      7200.0                  32950.0                 0.0                     0.0                     0.0                     0.0                     0.0                     51296.656               0.0                     
19      7200.0                  35850.0                 0.0                     0.0                     0.0                     0.0                     0.0                     47081.917               0.0                     
20      7200.0                  37600.0                 0.0                     0.0                     0.0                     0.0                     0.0                     43567.846               0.0                     
21      5600.0                  38150.0                 0.0                     0.0                     0.0                     1400.0                  0.0                     37272.991               0.0                     
22      7164.436                34150.0                 0.0                     0.0                     0.0                     0.0                     0.0                     36929.747               0.0                     
23      6222.285                30050.0                 0.0                     0.0                     0.0                     0.0                     0.0                     33351.831               0.0                     
24      5664.901                28200.0                 0.0                     0.0                     0.0                     0.0                     0.0                     30759.777               0.0                     

===== Total energy generated by technology (sum over all hours) =====
technology          Area 1 (Nordic) [MWh]   Area 2 (GB) [MWh]       
Nuclear             114371.701              155891.869              
Gas                 0.0                     669800.0                
Biomass             0.0                     0.0                     
Oil                 0.0                     0.0                     
Reservoir (Hydro)   789719.131              0.0                     
Pump                1100.097                3234.838                
Solar               129031.645              22560.0                 
Wind                829553.405              830171.664              
Rooftop Solar       0.0                     203040.0                

