===== fig1 - Storage and Hydrogen flows Area 1 (Nordic) =====
t       Hydrogen injected [kg/h]Hydrogen stored [kg]    Hydrogen Electrolyzer [kg/h]Hydrogen consumed [kg/h]
1       0.0                     8275.86                 1724.13                 0.0                     
2       0.0                     8620.68                 1724.13                 0.0                     
3       0.0                     8965.499                1724.13                 0.0                     
4       0.0                     9310.319                1724.13                 0.0                     
5       0.0                     9655.139                1724.13                 0.0                     
6       551.585                 9999.958                1724.13                 0.0                     
7       0.0                     9731.906                1724.13                 0.0                     
8       0.0                     10076.726               1724.13                 0.0                     
9       0.0                     10421.546               1724.13                 0.0                     
10      0.0                     10766.365               1724.13                 0.0                     
11      0.0                     11111.185               1724.13                 0.0                     
12      1724.13                 11456.004               1724.13                 0.0                     
13      1724.13                 9885.124                1724.13                 0.0                     
14      1724.13                 8314.244                1724.13                 0.0                     
15      1724.13                 6743.363                1724.13                 0.0                     
16      0.0                     5172.483                1724.13                 0.0                     
17      0.0                     5517.303                1724.13                 0.0                     
18      0.0                     5862.122                1724.13                 0.0                     
19      0.0                     6206.942                1724.13                 0.0                     
20      0.0                     6551.762                1724.13                 0.0                     
21      0.0                     6896.581                1724.13                 0.0                     
22      0.0                     7241.401                1724.13                 0.0                     
23      0.0                     7586.221                1724.13                 0.0                     
24      0.0                     7931.04                 1724.13                 0.0                     

===== fig2 - Storage and Hydrogen flows Area 2 (GB) =====
t       Hydrogen injected [kg/h]Hydrogen stored [kg]    Hydrogen Electrolyzer [kg/h]Hydrogen consumed [kg/h]
1       3103.448                0.0                     17241.379               0.0                     
2       3103.448                0.0                     17241.379               0.0                     
3       3103.448                0.0                     17241.379               0.0                     
4       3103.448                0.0                     17241.379               0.0                     
5       3103.448                0.0                     17241.379               0.0                     
6       3103.448                0.0                     17241.379               0.0                     
7       3103.448                0.0                     17241.379               0.0                     
8       3103.448                0.0                     17241.379               0.0                     
9       3103.448                0.0                     17241.379               0.0                     
10      3103.448                0.0                     17241.379               0.0                     
11      3103.448                0.0                     17241.379               0.0                     
12      3103.448                0.0                     17241.379               0.0                     
13      3103.448                0.0                     17241.379               0.0                     
14      3103.448                0.0                     17241.379               0.0                     
15      3103.448                0.0                     17241.379               0.0                     
16      3103.448                0.0                     17241.379               0.0                     
17      3103.448                0.0                     17241.379               0.0                     
18      3103.448                0.0                     17241.379               0.0                     
19      3103.448                0.0                     17241.379               0.0                     
20      3103.448                0.0                     17241.379               0.0                     
21      3103.448                0.0                     17241.379               0.0                     
22      3103.448                0.0                     17241.379               0.0                     
23      3103.448                0.0                     17241.379               0.0                     
24      3103.448                0.0                     17241.379               0.0                     

===== fig3 - Energy and power flows of the storage Area 1 (Nordic) =====
t       charging power [MW]     discharging power [MW]  Energy stored [MWh]     
1       0.0                     0.18                    290.0                   
2       0.0                     0.0                     289.8                   
3       0.0                     0.0                     289.8                   
4       0.0                     0.0                     289.8                   
5       0.0                     0.0                     289.8                   
6       0.0                     0.0                     289.8                   
7       0.0                     0.0                     289.8                   
8       0.0                     0.0                     289.8                   
9       0.0                     0.0                     289.8                   
10      0.0                     0.0                     289.8                   
11      0.0                     0.0                     289.8                   
12      600.0                   0.0                     289.8                   
13      0.0                     0.0                     829.8                   
14      301.218                 0.0                     829.8                   
15      332.338                 0.0                     1100.896                
16      0.0                     0.0                     1400.0                  
17      0.0                     600.0                   1400.0                  
18      0.0                     0.0                     733.333                 
19      0.0                     0.0                     733.333                 
20      0.0                     0.0                     733.333                 
21      0.0                     399.0                   733.333                 
22      0.0                     0.0                     290.0                   
23      0.0                     0.0                     290.0                   
24      0.0                     0.0                     290.0                   

===== fig4 - Energy and power flows of the storage Area 2 (GB) =====
t       charging power [MW]     discharging power [MW]  Energy stored [MWh]     
1       0.0                     0.18                    290.0                   
2       0.0                     0.0                     289.8                   
3       0.0                     0.0                     289.8                   
4       0.0                     0.0                     289.8                   
5       0.0                     0.0                     289.8                   
6       0.0                     0.0                     289.8                   
7       0.0                     0.0                     289.8                   
8       0.0                     0.0                     289.8                   
9       0.0                     0.0                     289.8                   
10      0.0                     0.0                     289.8                   
11      0.0                     0.0                     289.8                   
12      33.556                  0.0                     289.8                   
13      600.0                   0.0                     320.0                   
14      600.0                   0.0                     860.0                   
15      0.0                     0.0                     1400.0                  
16      0.0                     0.0                     1400.0                  
17      0.0                     0.0                     1400.0                  
18      0.0                     0.0                     1400.0                  
19      0.0                     0.0                     1400.0                  
20      0.0                     399.0                   1400.0                  
21      0.0                     600.0                   956.667                 
22      0.0                     0.0                     290.0                   
23      0.0                     0.0                     290.0                   
24      0.0                     0.0                     290.0                   

===== fig5 - Generation by unit Area 1 (Nordic) =====
t       Generator 1 [MW]        Generator 2 [MW]        Generator 3 [MW]        
1       1466.641                1335.482                161.5                   
2       1544.812                787.703                 161.5                   
3       1500.993                1588.208                161.5                   
4       1469.965                1800.0                  161.5                   
5       1534.91                 1800.0                  161.5                   
6       1787.427                2027.129                161.5                   
7       2021.789                2034.326                1608.269                
8       2214.231                2042.84                 1608.269                
9       2349.319                2042.84                 1615.0                  
10      2462.044                2042.84                 1615.0                  
11      2546.217                2042.84                 161.5                   
12      2647.967                667.407                 161.5                   
13      2808.224                204.282                 161.5                   
14      2856.537                204.282                 161.5                   
15      3088.396                204.282                 161.5                   
16      3114.72                 204.282                 161.5                   
17      3244.889                2034.326                161.5                   
18      3308.862                2034.326                161.5                   
19      3157.221                2034.326                161.5                   
20      3098.396                204.282                 161.5                   
21      2826.792                2034.326                161.5                   
22      2609.346                2042.84                 161.5                   
23      2378.285                0.0                     161.5                   
24      2201.357                0.0                     161.5                   

===== fig6 - Generation by unit Area 2 (GB) =====
t       Generator 4 [MW]        Generator 5 [MW]        Generator 6 [MW]        
1       494.999                 0.0                     494.999                 
2       250.0                   0.0                     250.0                   
3       285.331                 0.0                     250.0                   
4       285.311                 0.0                     250.0                   
5       372.804                 0.0                     250.0                   
6       250.0                   0.0                     250.0                   
7       494.999                 0.0                     494.999                 
8       494.999                 0.0                     494.999                 
9       250.0                   23.5                    494.999                 
10      250.0                   141.0                   250.0                   
11      0.0                     282.0                   251.647                 
12      0.0                     399.5                   250.0                   
13      0.0                     470.0                   250.0                   
14      0.0                     423.0                   250.0                   
15      0.0                     305.5                   250.0                   
16      0.0                     164.5                   250.0                   
17      250.0                   47.0                    494.999                 
18      494.999                 0.0                     494.999                 
19      494.999                 0.0                     494.999                 
20      494.999                 0.0                     494.999                 
21      494.999                 0.0                     494.999                 
22      494.999                 0.0                     494.999                 
23      494.999                 0.0                     494.999                 
24      494.999                 0.0                     494.999                 

===== fig7 - Loss of power area 1 (Nordic) =====
t       Loss generator 1 [MW]   Loss converter 1 [MW]   Loss reserve Area 1 [MW]
1       1800.0                  0.0                     0.0                     
2       1800.0                  0.0                     0.0                     
3       1800.0                  0.0                     0.0                     
4       1800.0                  0.0                     0.0                     
5       1800.0                  0.0                     0.0                     
6       2027.129                0.0                     0.0                     
7       2506.434                0.0                     0.0                     
8       2654.59                 0.0                     0.0                     
9       2746.981                0.0                     0.0                     
10      2812.397                0.0                     0.0                     
11      2800.0                  0.0                     0.0                     
12      2788.973                0.0                     266.562                 
13      2808.224                0.0                     248.338                 
14      2856.537                0.0                     231.859                 
15      3088.396                0.0                     0.0                     
16      3114.72                 0.0                     0.0                     
17      3244.889                0.0                     0.0                     
18      3308.862                0.0                     0.0                     
19      3157.221                0.0                     0.0                     
20      3098.396                0.0                     0.0                     
21      2977.321                0.0                     0.0                     
22      2800.0                  0.0                     0.0                     
23      2644.155                0.0                     0.0                     
24      2447.449                0.0                     0.0                     

===== fig8 - Loss of power area 2 (GB) =====
t       Loss generator 2 [MW]   Loss converter 2 [MW]   Loss reserve Area 2 [MW]
1       1800.0                  1400.0                  1800.0                  
2       1800.0                  1400.0                  1800.0                  
3       1800.0                  1400.0                  1800.0                  
4       1800.0                  1400.0                  1800.0                  
5       1800.0                  1400.0                  1800.0                  
6       1987.245                1400.0                  1987.245                
7       2247.807                1400.0                  2247.807                
8       2461.762                1400.0                  2461.762                
9       2611.952                1400.0                  2611.952                
10      2737.278                1400.0                  2737.278                
11      2830.861                1400.0                  2800.0                  
12      2788.973                1133.438                2522.411                
13      2790.0                  1151.663                2541.662                
14      2790.0                  1168.141                2558.141                
15      2790.0                  1400.0                  2790.0                  
16      3859.439                1400.0                  2800.0                  
17      4020.73                 1400.0                  2800.0                  
18      4100.0                  1400.0                  2800.0                  
19      3912.102                1400.0                  2800.0                  
20      3514.286                1400.0                  2800.0                  
21      3142.801                1400.0                  2800.0                  
22      2901.047                1400.0                  2800.0                  
23      2644.155                1400.0                  2644.155                
24      2447.449                1400.0                  2447.449                

===== fig9 - Reserve allocation Area 1 (Nordic) plg =====
t       Reserve thermal generators [MW]Reserve electrolyzers [MW]Reserve HVDC [MW]       Reserve storage [MW]    
1       0.0                     0.0                     1800.0                  0.0                     
2       0.0                     0.0                     1800.0                  0.0                     
3       0.0                     0.0                     1800.0                  0.0                     
4       0.0                     0.0                     1800.0                  0.0                     
5       0.0                     0.0                     1800.0                  0.0                     
6       39.884                  0.0                     1987.245                0.0                     
7       258.627                 0.0                     2247.807                0.0                     
8       192.828                 0.0                     2461.762                0.0                     
9       135.029                 0.0                     2611.952                0.0                     
10      75.118                  0.0                     2737.278                0.0                     
11      0.0                     0.0                     2800.0                  0.0                     
12      266.562                 0.0                     2522.411                0.0                     
13      266.562                 0.0                     2541.662                0.0                     
14      298.396                 0.0                     2558.141                0.0                     
15      298.396                 0.0                     2790.0                  -0.0                    
16      311.946                 0.0                     2800.0                  2.773                   
17      308.206                 0.0                     2800.0                  136.682                 
18      313.296                 0.0                     2800.0                  195.566                 
19      308.206                 0.0                     2800.0                  49.014                  
20      298.396                 0.0                     2800.0                  0.0                     
21      177.321                 0.0                     2800.0                  0.0                     
22      0.0                     0.0                     2800.0                  0.0                     
23      0.0                     0.0                     2644.155                0.0                     
24      0.0                     0.0                     2447.449                0.0                     

===== fig10 - Reserve allocation Area 1 (Nordic) plc =====
t       Reserve thermal generators [MW]Reserve electrolyzers [MW]Reserve HVDC [MW]       Reserve storage [MW]    
1       0.0                     0.0                     0.0                     0.0                     
2       0.0                     0.0                     0.0                     0.0                     
3       0.0                     0.0                     0.0                     0.0                     
4       0.0                     0.0                     0.0                     0.0                     
5       0.0                     0.0                     0.0                     0.0                     
6       0.0                     0.0                     0.0                     0.0                     
7       0.0                     0.0                     0.0                     0.0                     
8       0.0                     0.0                     0.0                     0.0                     
9       0.0                     0.0                     0.0                     0.0                     
10      0.0                     0.0                     0.0                     0.0                     
11      0.0                     0.0                     0.0                     0.0                     
12      0.0                     0.0                     0.0                     0.0                     
13      0.0                     0.0                     0.0                     0.0                     
14      0.0                     0.0                     0.0                     0.0                     
15      0.0                     0.0                     0.0                     0.0                     
16      0.0                     0.0                     0.0                     0.0                     
17      0.0                     0.0                     0.0                     0.0                     
18      0.0                     0.0                     0.0                     0.0                     
19      0.0                     0.0                     0.0                     0.0                     
20      0.0                     0.0                     0.0                     0.0                     
21      0.0                     0.0                     0.0                     0.0                     
22      0.0                     0.0                     0.0                     0.0                     
23      0.0                     0.0                     0.0                     0.0                     
24      0.0                     0.0                     0.0                     0.0                     

===== fig11 - Reserve allocation Area 2 (GB) plg =====
t       Reserve thermal generators [MW]Reserve electrolyzers [MW]Reserve HVDC [MW]       Reserve storage [MW]    
1       510.97                  0.0                     0.0                     1289.03                 
2       510.97                  0.0                     0.0                     1289.03                 
3       510.97                  719.996                 0.0                     569.034                 
4       510.97                  1289.03                 0.0                     0.0                     
5       465.958                 1086.057                0.0                     247.986                 
6       450.954                 1400.0                  0.0                     136.291                 
7       450.954                 1400.0                  0.0                     396.853                 
8       450.954                 2010.808                0.0                     0.0                     
9       450.954                 2160.998                0.0                     0.0                     
10      450.954                 2286.325                0.0                     0.0                     
11      200.887                 0.0                     0.0                     2629.974                
12      100.86                  2069.995                266.562                 351.557                 
13      100.86                  1799.994                248.338                 640.808                 
14      100.86                  719.996                 231.859                 1737.284                
15      100.86                  1439.996                0.0                     1249.144                
16      155.875                 3250.0                  0.0                     453.564                 
17      270.906                 3419.993                0.0                     329.832                 
18      270.906                 1400.0                  0.0                     2429.094                
19      270.906                 2569.996                0.0                     1071.2                  
20      270.906                 3149.993                0.0                     93.388                  
21      270.906                 2771.955                0.0                     99.94                   
22      270.906                 2630.142                0.0                     0.0                     
23      270.906                 1693.246                0.0                     680.004                 
24      270.906                 2176.543                0.0                     0.0                     

===== fig12 - Reserve allocation Area 2 (GB) plc =====
t       Reserve thermal generators [MW]Reserve electrolyzers [MW]Reserve HVDC [MW]       Reserve storage [MW]    
1       115.864                 0.0                     0.0                     1284.136                
2       115.864                 0.0                     0.0                     1284.136                
3       115.031                 719.996                 0.0                     564.973                 
4       115.031                 1289.03                 0.0                     0.0                     
5       70.019                  1085.974                0.0                     244.594                 
6       0.0                     1400.0                  0.0                     0.0                     
7       0.0                     1400.0                  0.0                     0.0                     
8       0.0                     1400.0                  0.0                     0.0                     
9       0.0                     1400.0                  0.0                     0.0                     
10      0.0                     1400.0                  0.0                     0.0                     
11      0.0                     0.0                     0.0                     1400.0                  
12      0.0                     899.999                 0.0                     233.439                 
13      0.0                     1151.663                0.0                     0.0                     
14      0.0                     0.0                     0.0                     1168.141                
15      0.0                     1349.997                0.0                     50.004                  
16      0.0                     1400.0                  0.0                     0.0                     
17      0.0                     1169.996                0.0                     230.004                 
18      0.0                     1400.0                  0.0                     0.0                     
19      0.0                     1400.0                  0.0                     0.0                     
20      0.0                     1400.0                  0.0                     0.0                     
21      0.0                     1400.0                  0.0                     0.0                     
22      0.0                     1400.0                  0.0                     0.0                     
23      0.0                     719.996                 0.0                     680.004                 
24      0.0                     1400.0                  0.0                     0.0                     

===== fig13 - HVDC power flows =====
t       Flow HVDC 1-2 [MW]      
1       1400.0                  
2       1400.0                  
3       1400.0                  
4       1400.0                  
5       1400.0                  
6       1400.0                  
7       1400.0                  
8       1400.0                  
9       1400.0                  
10      1400.0                  
11      1400.0                  
12      1133.438                
13      1151.663                
14      1168.141                
15      1400.0                  
16      1400.0                  
17      1400.0                  
18      1400.0                  
19      1400.0                  
20      1400.0                  
21      1400.0                  
22      1400.0                  
23      1400.0                  
24      1400.0                  

===== fig14 - Sum Of Power Flows HVDC Links =====
t       Sum Of Flows 12 [MW]    
1       1400.0                  
2       1400.0                  
3       1400.0                  
4       1400.0                  
5       1400.0                  
6       1400.0                  
7       1400.0                  
8       1400.0                  
9       1400.0                  
10      1400.0                  
11      1400.0                  
12      1133.438                
13      1151.663                
14      1168.141                
15      1400.0                  
16      1400.0                  
17      1400.0                  
18      1400.0                  
19      1400.0                  
20      1400.0                  
21      1400.0                  
22      1400.0                  
23      1400.0                  
24      1400.0                  

===== fig15 - Demand without Electrolyzers and BESS =====
t       Total Demand Area 1 (Nordic) [MW]Total Demand Area 2 (GB) [MW]
1       40579.417               58064.516               
2       50885.301               58064.516               
3       49597.065               54193.548               
4       49597.065               52258.065               
5       53461.772               49354.839               
6       66344.126               52258.065               
7       79226.481               61935.484               
8       89532.364               75483.871               
9       95973.542               75483.871               
10      98550.013               77419.355               
11      98550.013               79354.839               
12      97261.777               76838.71                
13      95973.542               77032.258               
14      94685.306               77167.742               
15      93397.071               77419.355               
16      94685.306               79354.839               
17      95973.542               90000.0                 
18      97261.777               89032.258               
19      92108.835               85161.29                
20      81802.952               84193.548               
21      72785.303               83225.806               
22      66344.126               73548.387               
23      59902.949               63870.968               
24      56038.242               61548.387               

===== fig16 - Demand with Electrolyzers and BESS =====
t       Demand Area 1 (Nordic) [MW]Demand Area 2 (GB) [MW] 
1       40682.116               59098.312               
2       50988.179               59098.492               
3       49699.944               55227.524               
4       49699.944               53292.04                
5       53564.65                50388.815               
6       66447.926               53292.04                
7       79329.36                62969.46                
8       89635.243               76517.847               
9       96076.421               76517.847               
10      98652.891               78453.331               
11      98652.891               80388.815               
12      97967.535               77906.241               
13      96079.3                 78666.234               
14      95092.282               78801.718               
15      93835.167               78453.331               
16      94788.185               80388.815               
17      95476.421               91033.976               
18      97364.656               90066.234               
19      92211.714               86195.266               
20      81905.831               84828.524               
21      72489.182               83659.782               
22      66447.005               74582.363               
23      60005.828               64904.944               
24      56141.121               62582.363               

===== fig22 - Flow+Reserve =====
t       -Flow12 + Reserve(lg) Converter 1 [MW]Flow12 + Reserve(lg) Converter 2 [MW]-Flow12 + Reserve(lc) Converter 1 [MW]Flow12 + Reserve(lc) Converter 2 [MW]
1       400.0                   1400.0                  -1400.0                 1400.0                  
2       400.0                   1400.0                  -1400.0                 1400.0                  
3       400.0                   1400.0                  -1400.0                 1400.0                  
4       400.0                   1400.0                  -1400.0                 1400.0                  
5       400.0                   1400.0                  -1400.0                 1400.0                  
6       587.245                 1400.0                  -1400.0                 1400.0                  
7       847.807                 1400.0                  -1400.0                 1400.0                  
8       1061.761                1400.0                  -1400.0                 1400.0                  
9       1211.952                1400.0                  -1400.0                 1400.0                  
10      1337.278                1400.0                  -1400.0                 1400.0                  
11      1400.0                  1400.0                  -1400.0                 1400.0                  
12      1388.973                1400.0                  -1133.438               1133.438                
13      1390.0                  1400.0                  -1151.663               1151.663                
14      1390.0                  1400.0                  -1168.141               1168.141                
15      1390.0                  1400.0                  -1400.0                 1400.0                  
16      1400.0                  1400.0                  -1400.0                 1400.0                  
17      1400.0                  1400.0                  -1400.0                 1400.0                  
18      1400.0                  1400.0                  -1400.0                 1400.0                  
19      1400.0                  1400.0                  -1400.0                 1400.0                  
20      1400.0                  1400.0                  -1400.0                 1400.0                  
21      1400.0                  1400.0                  -1400.0                 1400.0                  
22      1400.0                  1400.0                  -1400.0                 1400.0                  
23      1244.155                1400.0                  -1400.0                 1400.0                  
24      1047.449                1400.0                  -1400.0                 1400.0                  

===== fig23 - Reserve per converter Area 1 (Nordic) plg =====
t       Reserve Converter 1 [MW]
1       1800.0                  
2       1800.0                  
3       1800.0                  
4       1800.0                  
5       1800.0                  
6       1987.245                
7       2247.807                
8       2461.762                
9       2611.952                
10      2737.278                
11      2800.0                  
12      2522.411                
13      2541.662                
14      2558.141                
15      2790.0                  
16      2800.0                  
17      2800.0                  
18      2800.0                  
19      2800.0                  
20      2800.0                  
21      2800.0                  
22      2800.0                  
23      2644.155                
24      2447.449                

===== fig24 - Reserve per converter Area 1 (Nordic) plc =====
t       Reserve Converter 1 [MW]
1       0.0                     
2       0.0                     
3       0.0                     
4       0.0                     
5       0.0                     
6       0.0                     
7       0.0                     
8       0.0                     
9       0.0                     
10      0.0                     
11      0.0                     
12      0.0                     
13      0.0                     
14      0.0                     
15      0.0                     
16      0.0                     
17      0.0                     
18      0.0                     
19      0.0                     
20      0.0                     
21      0.0                     
22      0.0                     
23      0.0                     
24      0.0                     

===== fig25 - Reserve per converter Area 2 (GB) plg =====
t       Reserve Converter 2 [MW]
1       0.0                     
2       0.0                     
3       0.0                     
4       0.0                     
5       0.0                     
6       0.0                     
7       0.0                     
8       0.0                     
9       0.0                     
10      0.0                     
11      0.0                     
12      266.562                 
13      248.338                 
14      231.859                 
15      0.0                     
16      0.0                     
17      0.0                     
18      0.0                     
19      0.0                     
20      0.0                     
21      0.0                     
22      0.0                     
23      0.0                     
24      0.0                     

===== fig26 - Reserve per converter Area 2 (GB) plc =====
t       Reserve Converter 2 [MW]
1       0.0                     
2       0.0                     
3       0.0                     
4       0.0                     
5       0.0                     
6       0.0                     
7       0.0                     
8       0.0                     
9       0.0                     
10      0.0                     
11      0.0                     
12      0.0                     
13      0.0                     
14      0.0                     
15      0.0                     
16      0.0                     
17      0.0                     
18      0.0                     
19      0.0                     
20      0.0                     
21      0.0                     
22      0.0                     
23      0.0                     
24      0.0                     

===== fig29 - Power per converter =====
t       Converter 1 AC power [MW]Converter 2 AC power [MW]
1       -1400.0                 1400.0                  
2       -1400.0                 1400.0                  
3       -1400.0                 1400.0                  
4       -1400.0                 1400.0                  
5       -1400.0                 1400.0                  
6       -1400.0                 1400.0                  
7       -1400.0                 1400.0                  
8       -1400.0                 1400.0                  
9       -1400.0                 1400.0                  
10      -1400.0                 1400.0                  
11      -1400.0                 1400.0                  
12      -1133.438               1133.438                
13      -1151.663               1151.663                
14      -1168.141               1168.141                
15      -1400.0                 1400.0                  
16      -1400.0                 1400.0                  
17      -1400.0                 1400.0                  
18      -1400.0                 1400.0                  
19      -1400.0                 1400.0                  
20      -1400.0                 1400.0                  
21      -1400.0                 1400.0                  
22      -1400.0                 1400.0                  
23      -1400.0                 1400.0                  
24      -1400.0                 1400.0                  

===== fig30 - Failure binary variable (delta hvdc) =====
t       HVDC 1                  HVDC 2                  
1       1.0                     1.0                     
2       1.0                     1.0                     
3       1.0                     1.0                     
4       1.0                     1.0                     
5       1.0                     1.0                     
6       1.0                     1.0                     
7       1.0                     1.0                     
8       1.0                     1.0                     
9       1.0                     1.0                     
10      1.0                     1.0                     
11      1.0                     1.0                     
12      1.0                     1.0                     
13      1.0                     1.0                     
14      1.0                     1.0                     
15      1.0                     1.0                     
16      1.0                     1.0                     
17      1.0                     1.0                     
18      1.0                     1.0                     
19      1.0                     1.0                     
20      1.0                     1.0                     
21      1.0                     1.0                     
22      1.0                     1.0                     
23      1.0                     1.0                     
24      1.0                     1.0                     

===== fig31 - Reserve allocation Area 1 (Nordic) pl reserve =====
t       Reserve thermal generators [MW]Reserve electrolyzers [MW]Reserve storage [MW]    
1       0.0                     0.0                     0.0                     
2       0.0                     0.0                     0.0                     
3       0.0                     0.0                     0.0                     
4       0.0                     0.0                     0.0                     
5       0.0                     0.0                     0.0                     
6       0.0                     0.0                     0.0                     
7       0.0                     0.0                     0.0                     
8       0.0                     0.0                     0.0                     
9       0.0                     0.0                     0.0                     
10      0.0                     0.0                     0.0                     
11      0.0                     0.0                     0.0                     
12      266.562                 0.0                     0.0                     
13      248.534                 0.0                     0.0                     
14      241.156                 0.0                     0.0                     
15      0.0                     0.0                     -0.0                    
16      0.0                     0.0                     0.0                     
17      0.0                     0.0                     0.0                     
18      0.0                     0.0                     0.0                     
19      0.0                     0.0                     0.0                     
20      0.0                     0.0                     0.0                     
21      0.0                     0.0                     0.0                     
22      0.0                     0.0                     0.0                     
23      0.0                     0.0                     0.0                     
24      0.0                     0.0                     0.0                     

===== fig32 - Reserve allocation Area 2 (GB) pl reserve =====
t       Reserve thermal generators [MW]Reserve electrolyzers [MW]Reserve storage [MW]    
1       510.97                  0.0                     1289.03                 
2       510.97                  0.0                     1289.03                 
3       510.97                  719.996                 569.034                 
4       510.97                  1289.03                 0.0                     
5       465.958                 1086.057                247.986                 
6       450.954                 1400.0                  136.291                 
7       450.954                 1400.0                  396.853                 
8       450.954                 2010.808                0.0                     
9       450.954                 2160.998                0.0                     
10      450.954                 2286.325                0.0                     
11      170.825                 0.0                     2629.178                
12      100.86                  2069.995                351.557                 
13      100.86                  1799.994                640.808                 
14      100.86                  719.996                 1737.284                
15      100.86                  1439.996                1249.144                
16      0.0                     2800.0                  0.0                     
17      0.0                     2800.0                  0.0                     
18      0.0                     1400.0                  1400.0                  
19      0.0                     1799.994                1000.006                
20      0.0                     2800.0                  0.0                     
21      5.001                   2699.993                99.94                   
22      169.858                 2630.142                0.0                     
23      270.906                 1693.246                680.004                 
24      270.906                 2176.543                0.0                     

===== fig33 - Procured Inertia Area 1 (Nordic) =====
t       Inertia Area 1 (Nordic) [GW*s]
1       217.092                 
2       262.01                  
3       255.358                 
4       257.983                 
5       268.141                 
6       309.026                 
7       325.389                 
8       325.389                 
9       325.389                 
10      325.389                 
11      309.026                 
12      278.473                 
13      278.473                 
14      309.026                 
15      309.026                 
16      322.031                 
17      318.441                 
18      323.326                 
19      318.441                 
20      309.026                 
21      260.744                 
22      245.461                 
23      221.473                 
24      221.378                 

===== fig34 - Procured Inertia Area 2 (GB) =====
t       Inertia Area 2 (GB) [GW*s]
1       245.75                  
2       245.75                  
3       245.75                  
4       245.75                  
5       227.75                  
6       221.75                  
7       221.75                  
8       221.75                  
9       221.75                  
10      221.75                  
11      121.75                  
12      69.75                   
13      69.75                   
14      69.75                   
15      69.75                   
16      103.75                  
17      149.75                  
18      149.75                  
19      149.75                  
20      149.75                  
21      149.75                  
22      149.75                  
23      149.75                  
24      149.75                  

===== fig35 - Renewable Generation by type Area 1 (Nordic) =====
t       Reservoir Generation [MW]Wind Generation [MW]    Solar Generation [MW]   
1       18602.032               22828.378               0.0                     
2       27107.164               24045.113               0.0                     
3       26500.977               23363.064               0.0                     
4       26983.935               22880.107               0.0                     
5       30273.42                23890.977               0.0                     
6       38804.325               27806.777               0.0                     
7       45089.264               31469.298               0.0                     
8       46046.336               34464.662               0.0                     
9       46522.324               36567.325               1344.1                  
10      46849.403               38321.899               8064.6                  
11      43164.286               39523.502               16129.2                 
12      33432.504               40979.987               22849.7                 
13      26094.788               43161.059               26882.0                 
14      24542.158               45984.465               24193.8                 
15      26825.091               49365.656               17473.3                 
16      33089.883               52219.77                9408.7                  
17      39059.709               54402.111               2688.2                  
18      41820.163               55474.661               0.0                     
19      39352.993               52932.32                0.0                     
20      33675.634               48394.293               0.0                     
21      29304.789               43747.49                0.0                     
22      26177.1                 40434.002               0.0                     
23      23224.317               36945.608               0.0                     
24      22108.097               34197.121               0.0                     

===== fig36 - Renewable Generation by type Area 2 (GB) =====
t       Reservoir Generation [MW]Wind Generation [MW]    Solar Generation [MW]   
1       0.0                     22001.863               0.0                     
2       0.0                     23174.546               0.0                     
3       0.0                     22517.191               0.0                     
4       0.0                     22051.719               0.0                     
5       0.0                     23025.991               0.0                     
6       0.0                     26814.138               0.0                     
7       0.0                     30329.934               0.0                     
8       0.0                     33216.849               0.0                     
9       0.0                     35243.384               235.0                   
10      0.0                     36934.432               1410.0                  
11      0.0                     38197.148               2820.0                  
12      0.0                     39568.536               3995.0                  
13      0.0                     41795.502               4700.0                  
14      0.0                     44640.362               4230.0                  
15      0.0                     47444.089               3055.0                  
16      0.0                     52075.878               1645.0                  
17      0.0                     54252.206               470.0                   
18      0.0                     55321.8                 0.0                     
19      0.0                     52786.465               0.0                     
20      0.0                     47418.686               0.0                     
21      0.0                     42406.2                 0.0                     
22      0.0                     39144.184               0.0                     
23      0.0                     35677.906               0.0                     
24      0.0                     33023.728               0.0                     

===== fig37 - Headroom by Area =====
t       Area 1 (Nordic) [MW]    Area 2 (GB) [MW]        
1       27746.458               20000.411               
2       30470.766               21166.073               
3       29414.013               24379.686               
4       29587.375               25849.699               
5       28837.37                25227.196               
6       30527.665               24600.0                 
7       25495.561               18450.494               
8       18478.961               7789.022                
9       15840.627               12169.582               
10      21089.23                23671.121               
11      26167.704               12098.353               
12      28261.276               5630.008                
13      35598.992               5630.008                
14      44789.832               5630.008                
15      42506.899               5630.008                
16      39356.328               9727.083                
17      32578.903               8495.039                
18      30949.918               2860.069                
19      32285.619               2860.069                
20      35656.356               3159.909                
21      27956.731               2860.069                
22      27263.62                2929.358                
23      24219.553               3862.982                
24      25311.933               3531.384                

===== fig38 - Load shedding Area 1 (Nordic) and Area 2 (GB) =====
t       Area 1 (Nordic) [MW]    Area 2 (GB) [MW]        
1       0.0                     0.0                     
2       0.0                     0.0                     
3       0.0                     0.0                     
4       0.0                     0.0                     
5       0.0                     0.0                     
6       0.0                     0.0                     
7       0.0                     0.0                     
8       0.0                     0.0                     
9       0.0                     0.0                     
10      0.0                     0.0                     
11      0.0                     0.0                     
12      0.0                     0.0                     
13      0.0                     0.0                     
14      0.0                     0.0                     
15      0.0                     0.0                     
16      0.0                     0.0                     
17      0.0                     0.0                     
18      0.0                     0.0                     
19      0.0                     0.0                     
20      0.0                     0.0                     
21      0.0                     0.0                     
22      0.0                     0.0                     
23      0.0                     0.0                     
24      0.0                     0.0                     

===== fig39 - Reserve lg 2 and power loss reserve 1 =====
t       Reserve lg 2 [MW]       Power loss reserve 1 [MW]
1       0.0                     0.0                     
2       0.0                     0.0                     
3       0.0                     0.0                     
4       0.0                     0.0                     
5       0.0                     0.0                     
6       0.0                     0.0                     
7       0.0                     0.0                     
8       0.0                     0.0                     
9       0.0                     0.0                     
10      0.0                     0.0                     
11      0.0                     0.0                     
12      266.562                 266.562                 
13      248.338                 248.338                 
14      231.859                 231.859                 
15      0.0                     0.0                     
16      0.0                     0.0                     
17      0.0                     0.0                     
18      0.0                     0.0                     
19      0.0                     0.0                     
20      0.0                     0.0                     
21      0.0                     0.0                     
22      0.0                     0.0                     
23      0.0                     0.0                     
24      0.0                     0.0                     

===== fig41 - Renewable curtailment Area 1 (Nordic) =====
t       Solar Curtailment [MW]  Wind Curtailment [MW]   
1       -0.0                    -0.0                    
2       -0.0                    -0.0                    
3       -0.0                    0.0                     
4       -0.0                    0.0                     
5       -0.0                    0.0                     
6       -0.0                    14.652                  
7       -0.0                    -0.0                    
8       -0.0                    -0.0                    
9       -0.0                    -0.0                    
10      -0.0                    -0.0                    
11      -0.0                    108.547                 
12      -0.0                    235.802                 
13      -0.0                    549.154                 
14      -0.0                    1096.174                
15      -0.0                    1094.4                  
16      -0.0                    1812.373                
17      -0.0                    1888.115                
18      -0.0                    1925.339                
19      -0.0                    1837.103                
20      -0.0                    805.707                 
21      -0.0                    251.727                 
22      -0.0                    180.659                 
23      -0.0                    72.563                  
24      -0.0                    67.164                  

===== fig42 - Renewable curtailment Area 2 (GB) =====
t       Solar Curtailment [MW]  Wind Curtailment [MW]   
1       -0.0                    -0.0                    
2       -0.0                    -0.0                    
3       -0.0                    0.0                     
4       -0.0                    -0.0                    
5       -0.0                    0.0                     
6       -0.0                    -0.0                    
7       -0.0                    -0.0                    
8       -0.0                    -0.0                    
9       -0.0                    -0.0                    
10      -0.0                    -0.0                    
11      -0.0                    -0.0                    
12      -0.0                    155.012                 
13      -0.0                    332.158                 
14      -0.0                    735.695                 
15      -0.0                    1189.032                
16      -0.0                    -0.0                    
17      -0.0                    -0.0                    
18      -0.0                    0.0                     
19      -0.0                    0.0                     
20      -0.0                    -0.0                    
21      -0.0                    0.0                     
22      -0.0                    -0.0                    
23      -0.0                    0.0                     
24      -0.0                    -0.0                    

===== fig43 - Total generation by technology Area 1 (Nordic) =====
t       Nuclear [MW]            Gas [MW]                Biomass [MW]            Oil [MW]                Reservoir (Hydro) [MW]  Pump [MW]               Solar [MW]              Wind [MW]               
1       2264.0                  0.0                     0.0                     0.0                     18602.032               0.0                     0.0                     22828.378               
2       2264.0                  0.0                     0.0                     0.0                     27107.164               0.0                     0.0                     24045.113               
3       2264.0                  0.0                     0.0                     0.0                     26500.977               0.0                     0.0                     23363.064               
4       2264.0                  0.0                     0.0                     0.0                     26983.935               0.0                     0.0                     22880.107               
5       2264.0                  0.0                     0.0                     0.0                     30273.42                0.0                     0.0                     23890.977               
6       2264.0                  0.0                     0.0                     0.0                     38804.325               0.0                     0.0                     27806.777               
7       4964.965                0.0                     0.0                     0.0                     45089.264               136.929                 0.0                     31469.298               
8       11024.493               0.0                     0.0                     0.0                     46046.336               136.929                 0.0                     34464.662               
9       13057.388               0.0                     0.0                     0.0                     46522.324               266.381                 1344.1                  36567.325               
10      7611.158                0.0                     0.0                     0.0                     46849.403               136.929                 8064.6                  38321.899               
11      2264.0                  0.0                     0.0                     0.0                     43164.286               0.0                     16129.2                 39523.502               
12      2264.0                  0.0                     0.0                     0.0                     33432.504               0.0                     22849.7                 40979.987               
13      2264.0                  0.0                     0.0                     0.0                     26094.788               0.0                     26882.0                 43161.059               
14      2264.0                  0.0                     0.0                     0.0                     24542.158               0.0                     24193.8                 45984.465               
15      2264.0                  0.0                     0.0                     0.0                     26825.091               0.0                     17473.3                 49365.656               
16      2264.0                  0.0                     0.0                     0.0                     33089.883               136.929                 9408.7                  52219.77                
17      2264.0                  0.0                     0.0                     0.0                     39059.709               47.198                  2688.2                  54402.111               
18      2264.0                  0.0                     0.0                     0.0                     41820.163               136.929                 0.0                     55474.661               
19      2264.0                  0.0                     0.0                     0.0                     39352.993               47.198                  0.0                     52932.32                
20      2264.0                  0.0                     0.0                     0.0                     33675.634               0.0                     0.0                     48394.293               
21      2264.0                  0.0                     0.0                     0.0                     29304.789               0.0                     0.0                     43747.49                
22      2264.0                  0.0                     0.0                     0.0                     26177.1                 0.0                     0.0                     40434.002               
23      2264.0                  0.0                     0.0                     0.0                     23224.317               0.0                     0.0                     36945.608               
24      2264.0                  0.0                     0.0                     0.0                     22108.097               0.0                     0.0                     34197.121               

===== fig44 - Total generation by technology Area 2 (GB) =====
t       Nuclear [MW]            Gas [MW]                Biomass [MW]            Oil [MW]                Reservoir (Hydro) [MW]  Pump [MW]               Solar [MW]              Wind [MW]               Rooftop Solar [MW]      
1       7200.0                  32599.589               0.0                     0.0                     0.0                     0.0                     0.0                     22001.863               0.0                     
2       7200.0                  31433.927               0.0                     0.0                     0.0                     0.0                     0.0                     23174.546               0.0                     
3       7200.0                  28220.314               0.0                     0.0                     0.0                     0.0                     0.0                     22517.191               0.0                     
4       7200.0                  26750.301               0.0                     0.0                     0.0                     0.0                     0.0                     22051.719               0.0                     
5       7200.0                  22872.804               0.0                     0.0                     0.0                     0.0                     0.0                     23025.991               0.0                     
6       7200.0                  22000.0                 0.0                     0.0                     0.0                     0.0                     0.0                     26814.138               0.0                     
7       7200.0                  28149.506               0.0                     0.0                     0.0                     0.0                     0.0                     30329.934               0.0                     
8       7200.0                  38810.978               0.0                     0.0                     0.0                     0.0                     0.0                     33216.849               0.0                     
9       7200.0                  34430.418               0.0                     0.0                     0.0                     0.0                     235.0                   35243.384               2115.0                  
10      7200.0                  22928.879               0.0                     0.0                     0.0                     0.0                     1410.0                  36934.432               12690.0                 
11      7200.0                  9501.647                0.0                     0.0                     0.0                     0.0                     2820.0                  38197.148               25380.0                 
12      7169.992                3000.0                  0.0                     0.0                     0.0                     0.0                     3995.0                  39568.536               35955.0                 
13      7169.992                3000.0                  0.0                     0.0                     0.0                     0.0                     4700.0                  41795.502               42300.0                 
14      7169.992                3000.0                  0.0                     0.0                     0.0                     0.0                     4230.0                  44640.362               38070.0                 
15      7169.992                3000.0                  0.0                     0.0                     0.0                     0.0                     3055.0                  47444.089               27495.0                 
16      7200.0                  7372.917                0.0                     0.0                     0.0                     0.0                     1645.0                  52075.878               14805.0                 
17      7200.0                  20104.961               0.0                     0.0                     0.0                     0.0                     470.0                   54252.206               4230.0                  
18      7200.0                  25739.931               0.0                     0.0                     0.0                     0.0                     0.0                     55321.8                 0.0                     
19      7200.0                  25739.931               0.0                     0.0                     0.0                     0.0                     0.0                     52786.465               0.0                     
20      7200.0                  25440.091               0.0                     0.0                     0.0                     0.0                     0.0                     47418.686               0.0                     
21      7200.0                  25739.931               0.0                     0.0                     0.0                     0.0                     0.0                     42406.2                 0.0                     
22      7200.0                  25670.642               0.0                     0.0                     0.0                     0.0                     0.0                     39144.184               0.0                     
23      7200.0                  24737.018               0.0                     0.0                     0.0                     0.0                     0.0                     35677.906               0.0                     
24      7200.0                  25068.616               0.0                     0.0                     0.0                     0.0                     0.0                     33023.728               0.0                     

===== Total energy generated by technology (sum over all hours) =====
technology          Area 1 (Nordic) [MWh]   Area 2 (GB) [MWh]       
Nuclear             81938.005               172679.968              
Gas                 0.0                     515312.398              
Biomass             0.0                     0.0                     
Oil                 0.0                     0.0                     
Reservoir (Hydro)   794650.694              0.0                     
Pump                1045.422                0.0                     
Solar               129033.6                22560.0                 
Wind                923399.643              899062.736              
Rooftop Solar       0.0                     203040.0                

