===== fig1 - Storage and Hydrogen flows Area 1 (Nordic) =====
t       Hydrogen injected [kg/h]Hydrogen stored [kg]    Hydrogen Electrolyzer [kg/h]Hydrogen consumed [kg/h]
1       0.0                     8275.86                 1724.13                 0.0                     
2       0.0                     8620.68                 1724.13                 0.0                     
3       1724.13                 8965.499                1724.13                 0.0                     
4       0.0                     7394.619                1724.13                 0.0                     
5       0.0                     7739.439                1724.13                 0.0                     
6       0.0                     8084.258                1724.13                 0.0                     
7       0.0                     8429.078                1724.13                 0.0                     
8       0.0                     8773.898                1724.13                 0.0                     
9       0.0                     9118.717                1724.13                 0.0                     
10      0.0                     9463.537                1724.13                 0.0                     
11      551.585                 9808.357                1724.13                 0.0                     
12      0.0                     9540.304                1724.13                 0.0                     
13      0.0                     9885.124                1724.13                 0.0                     
14      0.0                     10229.944               1724.13                 0.0                     
15      1724.13                 10574.763               1724.13                 0.0                     
16      1724.13                 9003.883                1724.13                 0.0                     
17      0.0                     7433.003                1724.13                 0.0                     
18      0.0                     7777.822                1724.13                 0.0                     
19      0.0                     8122.642                1724.13                 0.0                     
20      0.0                     8467.462                1724.13                 0.0                     
21      0.0                     8812.281                1724.13                 0.0                     
22      1724.13                 9157.101                1724.13                 0.0                     
23      0.0                     7586.221                1724.13                 0.0                     
24      0.0                     7931.04                 1724.13                 0.0                     

===== fig2 - Storage and Hydrogen flows Area 2 (GB) =====
t       Hydrogen injected [kg/h]Hydrogen stored [kg]    Hydrogen Electrolyzer [kg/h]Hydrogen consumed [kg/h]
1       3103.448                0.0                     17241.379               0.0                     
2       3103.448                0.0                     17241.379               0.0                     
3       3103.448                0.0                     17241.379               0.0                     
4       3103.448                0.0                     17241.379               0.0                     
5       3103.448                0.0                     17241.379               0.0                     
6       3103.448                0.0                     17241.379               0.0                     
7       3103.448                0.0                     17241.379               0.0                     
8       3103.448                0.0                     17241.379               0.0                     
9       3103.448                0.0                     17241.379               0.0                     
10      3103.448                0.0                     17241.379               0.0                     
11      3103.448                0.0                     17241.379               0.0                     
12      3103.448                0.0                     17241.379               0.0                     
13      3103.448                0.0                     17241.379               0.0                     
14      3103.448                0.0                     17241.379               0.0                     
15      3103.448                0.0                     17241.379               0.0                     
16      3103.448                0.0                     17241.379               0.0                     
17      3103.448                0.0                     17241.379               0.0                     
18      3103.448                0.0                     17241.379               0.0                     
19      3103.448                0.0                     17241.379               0.0                     
20      3103.448                0.0                     17241.379               0.0                     
21      3103.448                0.0                     17241.379               0.0                     
22      3103.448                0.0                     17241.379               0.0                     
23      3103.448                0.0                     17241.379               0.0                     
24      3103.448                0.0                     17241.379               0.0                     

===== fig3 - Energy and power flows of the storage Area 1 (Nordic) =====
t       charging power [MW]     discharging power [MW]  Energy stored [MWh]     
1       0.0                     0.18                    290.0                   
2       0.0                     0.0                     289.8                   
3       0.0                     0.0                     289.8                   
4       0.0                     0.0                     289.8                   
5       0.0                     0.0                     289.8                   
6       0.0                     0.0                     289.8                   
7       0.0                     0.0                     289.8                   
8       0.0                     0.0                     289.8                   
9       0.0                     0.0                     289.8                   
10      0.0                     0.0                     289.8                   
11      0.0                     0.0                     289.8                   
12      0.0                     0.0                     289.8                   
13      600.0                   0.0                     289.8                   
14      0.0                     0.0                     829.8                   
15      140.963                 0.0                     829.8                   
16      0.0                     0.0                     956.667                 
17      0.0                     600.0                   956.667                 
18      0.0                     0.0                     290.0                   
19      0.0                     0.0                     290.0                   
20      0.0                     0.0                     290.0                   
21      0.0                     0.0                     290.0                   
22      0.0                     0.0                     290.0                   
23      0.0                     0.0                     290.0                   
24      0.0                     0.0                     290.0                   

===== fig4 - Energy and power flows of the storage Area 2 (GB) =====
t       charging power [MW]     discharging power [MW]  Energy stored [MWh]     
1       0.0                     0.0                     290.0                   
2       0.0                     0.0                     290.0                   
3       0.0                     0.0                     290.0                   
4       0.0                     0.0                     290.0                   
5       0.0                     0.0                     290.0                   
6       600.0                   0.0                     290.0                   
7       0.0                     0.0                     830.0                   
8       0.0                     0.0                     830.0                   
9       0.0                     486.18                  830.0                   
10      0.0                     0.0                     289.8                   
11      0.0                     0.0                     289.8                   
12      33.556                  0.0                     289.8                   
13      600.0                   0.0                     320.0                   
14      0.0                     0.0                     860.0                   
15      0.0                     0.0                     860.0                   
16      600.0                   0.0                     860.0                   
17      0.0                     0.0                     1400.0                  
18      0.0                     0.0                     1400.0                  
19      0.0                     0.0                     1400.0                  
20      0.0                     0.0                     1400.0                  
21      0.0                     399.0                   1400.0                  
22      0.0                     0.0                     956.667                 
23      0.0                     600.0                   956.667                 
24      0.0                     0.0                     290.0                   

===== fig5 - Generation by unit Area 1 (Nordic) =====
t       Generator 1 [MW]        Generator 2 [MW]        Generator 3 [MW]        
1       1400.0                  204.282                 161.5                   
2       1414.393                1414.393                161.5                   
3       1400.0                  1292.208                161.5                   
4       1400.0                  1400.0                  161.5                   
5       1407.502                1407.502                161.5                   
6       1787.427                1787.427                161.5                   
7       2021.789                2034.326                849.122                 
8       2214.231                2034.326                1608.269                
9       2349.319                2034.326                1608.269                
10      2462.044                2034.326                1608.269                
11      2331.255                2034.326                161.5                   
12      2424.415                2034.326                161.5                   
13      2519.705                204.282                 161.5                   
14      2573.667                204.282                 161.5                   
15      2643.526                304.079                 161.5                   
16      2667.99                 2034.326                161.5                   
17      2779.489                2034.326                161.5                   
18      2903.158                2034.326                161.5                   
19      2704.395                2034.326                161.5                   
20      2643.526                2034.326                161.5                   
21      2536.365                204.282                 161.5                   
22      2389.055                204.282                 161.5                   
23      2177.501                204.282                 161.5                   
24      2015.51                 204.282                 161.5                   

===== fig6 - Generation by unit Area 2 (GB) =====
t       Generator 4 [MW]        Generator 5 [MW]        Generator 6 [MW]        
1       494.999                 0.0                     494.999                 
2       494.999                 0.0                     494.999                 
3       250.0                   0.0                     250.0                   
4       433.621                 0.0                     250.0                   
5       494.999                 0.0                     494.999                 
6       494.999                 0.0                     250.0                   
7       395.569                 0.0                     494.999                 
8       494.999                 0.0                     250.0                   
9       494.999                 23.5                    494.999                 
10      250.0                   141.0                   250.0                   
11      250.0                   282.0                   250.0                   
12      250.0                   399.5                   250.0                   
13      250.0                   470.0                   250.0                   
14      250.0                   423.0                   250.0                   
15      494.999                 305.5                   250.0                   
16      250.0                   164.5                   494.999                 
17      250.0                   47.0                    250.0                   
18      494.999                 0.0                     250.0                   
19      250.0                   0.0                     250.0                   
20      250.0                   0.0                     250.0                   
21      494.999                 0.0                     494.999                 
22      494.999                 0.0                     494.999                 
23      250.0                   0.0                     250.0                   
24      250.0                   0.0                     250.0                   

===== fig7 - Loss of power area 1 (Nordic) =====
t       Loss generator 1 [MW]   Loss converter 1 [MW]   Loss reserve Area 1 [MW]
1       1400.0                  768.999                 768.998                 
2       1414.393                768.999                 777.345                 
3       1400.0                  768.999                 768.998                 
4       1400.0                  768.999                 768.998                 
5       1407.502                768.999                 776.5                   
6       1787.427                768.999                 959.833                 
7       2309.493                768.999                 1363.085                
8       2348.401                768.999                 1398.533                
9       2474.423                768.999                 1395.989                
10      2593.151                768.999                 1398.667                
11      2331.255                768.999                 1386.159                
12      2424.415                768.999                 1397.733                
13      2519.705                738.683                 1366.418                
14      2573.667                768.999                 1397.067                
15      2643.526                762.835                 1396.8                  
16      2667.99                 768.999                 1400.0                  
17      2779.489                768.999                 1397.933                
18      2903.158                409.0                   1602.31                 
19      2704.395                768.999                 1398.733                
20      2643.526                768.999                 1704.644                
21      2536.365                768.999                 1396.867                
22      2389.055                768.999                 1397.467                
23      2177.501                768.999                 1273.629                
24      2015.51                 768.999                 1205.115                

===== fig8 - Loss of power area 2 (GB) =====
t       Loss generator 2 [MW]   Loss converter 2 [MW]   Loss reserve Area 2 [MW]
1       1400.0                  0.0                     631.002                 
2       1400.0                  0.0                     631.002                 
3       1400.0                  0.0                     631.002                 
4       1400.0                  0.0                     631.002                 
5       1400.0                  0.0                     631.002                 
6       1400.0                  0.0                     631.002                 
7       1400.0                  0.0                     631.002                 
8       1400.0                  0.0                     631.002                 
9       1400.0                  0.0                     631.002                 
10      1400.0                  0.0                     631.002                 
11      1400.0                  0.0                     631.002                 
12      1400.0                  0.0                     631.002                 
13      1400.0                  0.0                     661.317                 
14      1400.0                  0.0                     631.002                 
15      1400.0                  0.0                     637.165                 
16      1400.0                  0.0                     631.002                 
17      1400.0                  0.0                     631.002                 
18      2152.898                0.0                     991.0                   
19      1400.0                  0.0                     631.002                 
20      1914.7                  0.0                     631.002                 
21      1400.0                  0.0                     631.002                 
22      1400.0                  0.0                     631.002                 
23      1400.0                  0.0                     631.002                 
24      1400.0                  0.0                     631.002                 

===== fig9 - Reserve allocation Area 1 (Nordic) plg =====
t       Reserve thermal generators [MW]Reserve electrolyzers [MW]Reserve HVDC [MW]       Reserve storage [MW]    
1       300.971                 468.027                 631.002                 0.0                     
2       306.239                 0.0                     631.002                 477.152                 
3       306.239                 462.759                 631.002                 0.0                     
4       306.239                 462.759                 631.002                 0.0                     
5       306.239                 470.261                 631.002                 0.0                     
6       315.445                 840.98                  631.002                 0.0                     
7       315.445                 900.0                   631.002                 463.046                 
8       315.445                 900.0                   631.002                 501.954                 
9       315.445                 900.0                   631.002                 627.976                 
10      315.445                 900.0                   631.002                 746.704                 
11      314.096                 900.0                   631.002                 486.158                 
12      306.239                 900.0                   631.002                 587.174                 
13      308.389                 900.0                   661.317                 650.0                   
14      308.389                 900.0                   631.002                 734.277                 
15      308.389                 900.0                   637.165                 797.973                 
16      308.389                 900.0                   631.002                 828.6                   
17      310.356                 900.0                   631.002                 938.132                 
18      310.356                 900.0                   991.0                   701.803                 
19      309.956                 900.0                   631.002                 863.438                 
20      308.389                 900.0                   631.002                 804.136                 
21      308.389                 900.0                   631.002                 696.975                 
22      306.239                 900.0                   631.002                 551.814                 
23      300.971                 900.0                   631.002                 345.528                 
24      300.971                 856.809                 631.002                 226.728                 

===== fig10 - Reserve allocation Area 1 (Nordic) plc =====
t       Reserve thermal generators [MW]Reserve electrolyzers [MW]Reserve HVDC [MW]       Reserve storage [MW]    
1       300.971                 468.027                 0.0                     0.0                     
2       294.938                 0.0                     0.0                     474.06                  
3       306.239                 462.759                 0.0                     0.0                     
4       306.239                 462.759                 0.0                     0.0                     
5       306.239                 462.759                 0.0                     0.0                     
6       67.726                  768.096                 0.0                     0.0                     
7       0.4                     768.993                 0.0                     0.0                     
8       5.861                   266.966                 0.0                     501.954                 
9       39.552                  768.471                 0.0                     0.0                     
10      1.996                   22.268                  0.0                     746.704                 
11      314.096                 454.903                 0.0                     0.0                     
12      0.508                   768.992                 0.0                     0.0                     
13      308.389                 430.295                 0.0                     0.0                     
14      0.0                     768.999                 0.0                     0.0                     
15      0.0                     762.835                 0.0                     0.0                     
16      8.514                   768.885                 0.0                     0.0                     
17      0.0                     0.0                     0.0                     768.999                 
18      310.356                 98.645                  0.0                     0.0                     
19      1.372                   0.0                     0.0                     768.98                  
20      0.0                     768.999                 0.0                     0.0                     
21      0.0                     72.024                  0.0                     696.975                 
22      58.677                  216.402                 0.0                     551.814                 
23      1.597                   423.45                  0.0                     345.528                 
24      0.0                     768.999                 0.0                     0.0                     

===== fig11 - Reserve allocation Area 2 (GB) plg =====
t       Reserve thermal generators [MW]Reserve electrolyzers [MW]Reserve HVDC [MW]       Reserve storage [MW]    
1       631.002                 0.0                     768.998                 0.0                     
2       623.5                   0.0                     777.345                 0.0                     
3       631.002                 0.0                     768.998                 0.0                     
4       631.002                 0.0                     768.998                 0.0                     
5       623.5                   0.0                     776.5                   0.0                     
6       443.452                 0.0                     959.833                 0.0                     
7       155.041                 0.0                     1363.085                0.0                     
8       110.029                 0.0                     1398.533                0.0                     
9       300.914                 0.0                     1395.989                0.0                     
10      100.027                 0.0                     1398.667                0.0                     
11      240.064                 0.0                     1386.159                0.0                     
12      170.045                 0.0                     1397.733                0.0                     
13      245.065                 0.0                     1366.418                30.315                  
14      220.059                 0.0                     1397.067                0.0                     
15      240.064                 0.0                     1396.8                  0.0                     
16      0.0                     0.0                     1400.0                  0.0                     
17      155.041                 0.0                     1397.933                0.0                     
18      195.052                 359.998                 1602.31                 0.0                     
19      95.025                  0.0                     1398.733                0.0                     
20      210.056                 0.0                     1704.644                0.0                     
21      235.063                 0.0                     1396.867                0.0                     
22      190.051                 0.0                     1397.467                0.0                     
23      130.035                 0.0                     1273.629                0.0                     
24      194.885                 0.0                     1205.115                0.0                     

===== fig12 - Reserve allocation Area 2 (GB) plc =====
t       Reserve thermal generators [MW]Reserve electrolyzers [MW]Reserve HVDC [MW]       Reserve storage [MW]    
1       0.0                     0.0                     0.0                     0.0                     
2       0.0                     0.0                     0.0                     0.0                     
3       0.0                     0.0                     0.0                     0.0                     
4       0.0                     0.0                     0.0                     0.0                     
5       0.0                     0.0                     0.0                     0.0                     
6       0.0                     0.0                     0.0                     0.0                     
7       0.0                     0.0                     0.0                     0.0                     
8       0.0                     0.0                     0.0                     0.0                     
9       0.0                     0.0                     0.0                     0.0                     
10      0.0                     0.0                     0.0                     0.0                     
11      0.0                     0.0                     0.0                     0.0                     
12      0.0                     0.0                     0.0                     0.0                     
13      0.0                     0.0                     0.0                     0.0                     
14      0.0                     0.0                     0.0                     0.0                     
15      0.0                     0.0                     0.0                     0.0                     
16      0.0                     0.0                     0.0                     0.0                     
17      0.0                     0.0                     0.0                     0.0                     
18      0.0                     0.0                     0.0                     0.0                     
19      0.0                     0.0                     0.0                     0.0                     
20      0.0                     0.0                     0.0                     0.0                     
21      0.0                     0.0                     0.0                     0.0                     
22      0.0                     0.0                     0.0                     0.0                     
23      0.0                     0.0                     0.0                     0.0                     
24      0.0                     0.0                     0.0                     0.0                     

===== fig13 - HVDC power flows =====
t       Flow HVDC 1-2 [MW]      
1       -768.999                
2       -768.999                
3       -768.999                
4       -768.999                
5       -768.999                
6       -768.999                
7       -768.999                
8       -768.999                
9       -768.999                
10      -768.999                
11      -768.999                
12      -768.999                
13      -738.683                
14      -768.999                
15      -762.835                
16      -768.999                
17      -768.999                
18      -409.0                  
19      -768.999                
20      -768.999                
21      -768.999                
22      -768.999                
23      -768.999                
24      -768.999                

===== fig14 - Sum Of Power Flows HVDC Links =====
t       Sum Of Flows 12 [MW]    
1       -768.999                
2       -768.999                
3       -768.999                
4       -768.999                
5       -768.999                
6       -768.999                
7       -768.999                
8       -768.999                
9       -768.999                
10      -768.999                
11      -768.999                
12      -768.999                
13      -738.683                
14      -768.999                
15      -762.835                
16      -768.999                
17      -768.999                
18      -409.0                  
19      -768.999                
20      -768.999                
21      -768.999                
22      -768.999                
23      -768.999                
24      -768.999                

===== fig15 - Demand without Electrolyzers and BESS =====
t       Total Demand Area 1 (Nordic) [MW]Total Demand Area 2 (GB) [MW]
1       40579.417               58064.516               
2       50885.301               58064.516               
3       49597.065               54193.548               
4       49597.065               52258.065               
5       53461.772               49354.839               
6       66344.126               52258.065               
7       79226.481               61935.484               
8       89532.364               75483.871               
9       95973.542               75483.871               
10      98550.013               77419.355               
11      98550.013               79354.839               
12      97261.777               76838.71                
13      95973.542               77032.258               
14      94685.306               77167.742               
15      93397.071               77419.355               
16      94685.306               79354.839               
17      95973.542               90000.0                 
18      97261.777               89032.258               
19      92108.835               85161.29                
20      81802.952               84193.548               
21      72785.303               83225.806               
22      66344.126               73548.387               
23      59902.949               63870.968               
24      56038.242               61548.387               

===== fig16 - Demand with Electrolyzers and BESS =====
t       Demand Area 1 (Nordic) [MW]Demand Area 2 (GB) [MW] 
1       40682.116               59098.492               
2       50988.179               59098.492               
3       49702.823               55227.524               
4       49699.944               53292.04                
5       53564.65                50388.815               
6       66447.005               53892.04                
7       79329.36                62969.46                
8       89635.243               76517.847               
9       96076.421               76031.667               
10      98652.891               78453.331               
11      98653.813               80388.815               
12      97364.656               77906.241               
13      96676.421               78666.234               
14      94788.185               78201.718               
15      93643.792               78453.331               
16      94791.064               80988.815               
17      95476.421               91033.976               
18      97364.656               90066.234               
19      92211.714               86195.266               
20      81905.831               85227.524               
21      72888.182               83860.782               
22      66449.884               74582.363               
23      60005.828               64304.944               
24      56141.121               62582.363               

===== fig22 - Flow+Reserve =====
t       -Flow12 + Reserve(lg) Converter 1 [MW]Flow12 + Reserve(lg) Converter 2 [MW]-Flow12 + Reserve(lc) Converter 1 [MW]Flow12 + Reserve(lc) Converter 2 [MW]
1       1400.0                  -0.0                    768.999                 -768.999                
2       1400.0                  8.346                   768.999                 -768.999                
3       1400.0                  -0.0                    768.999                 -768.999                
4       1400.0                  -0.0                    768.999                 -768.999                
5       1400.0                  7.502                   768.999                 -768.999                
6       1400.0                  190.834                 768.999                 -768.999                
7       1400.0                  594.086                 768.999                 -768.999                
8       1400.0                  629.535                 768.999                 -768.999                
9       1400.0                  626.99                  768.999                 -768.999                
10      1400.0                  629.668                 768.999                 -768.999                
11      1400.0                  617.161                 768.999                 -768.999                
12      1400.0                  628.735                 768.999                 -768.999                
13      1400.0                  627.735                 738.683                 -738.683                
14      1400.0                  628.068                 768.999                 -768.999                
15      1400.0                  633.965                 762.835                 -762.835                
16      1400.0                  631.001                 768.999                 -768.999                
17      1400.0                  628.935                 768.999                 -768.999                
18      1400.0                  1193.31                 409.0                   -409.0                  
19      1400.0                  629.735                 768.999                 -768.999                
20      1400.0                  935.645                 768.999                 -768.999                
21      1400.0                  627.868                 768.999                 -768.999                
22      1400.0                  628.468                 768.999                 -768.999                
23      1400.0                  504.631                 768.999                 -768.999                
24      1400.0                  436.116                 768.999                 -768.999                

===== fig23 - Reserve per converter Area 1 (Nordic) plg =====
t       Reserve Converter 1 [MW]
1       631.002                 
2       631.002                 
3       631.002                 
4       631.002                 
5       631.002                 
6       631.002                 
7       631.002                 
8       631.002                 
9       631.002                 
10      631.002                 
11      631.002                 
12      631.002                 
13      661.317                 
14      631.002                 
15      637.165                 
16      631.002                 
17      631.002                 
18      991.0                   
19      631.002                 
20      631.002                 
21      631.002                 
22      631.002                 
23      631.002                 
24      631.002                 

===== fig24 - Reserve per converter Area 1 (Nordic) plc =====
t       Reserve Converter 1 [MW]
1       0.0                     
2       0.0                     
3       0.0                     
4       0.0                     
5       0.0                     
6       0.0                     
7       0.0                     
8       0.0                     
9       0.0                     
10      0.0                     
11      0.0                     
12      0.0                     
13      0.0                     
14      0.0                     
15      0.0                     
16      0.0                     
17      0.0                     
18      0.0                     
19      0.0                     
20      0.0                     
21      0.0                     
22      0.0                     
23      0.0                     
24      0.0                     

===== fig25 - Reserve per converter Area 2 (GB) plg =====
t       Reserve Converter 2 [MW]
1       768.998                 
2       777.345                 
3       768.998                 
4       768.998                 
5       776.5                   
6       959.833                 
7       1363.085                
8       1398.533                
9       1395.989                
10      1398.667                
11      1386.159                
12      1397.733                
13      1366.418                
14      1397.067                
15      1396.8                  
16      1400.0                  
17      1397.933                
18      1602.31                 
19      1398.733                
20      1704.644                
21      1396.867                
22      1397.467                
23      1273.629                
24      1205.115                

===== fig26 - Reserve per converter Area 2 (GB) plc =====
t       Reserve Converter 2 [MW]
1       0.0                     
2       0.0                     
3       0.0                     
4       0.0                     
5       0.0                     
6       0.0                     
7       0.0                     
8       0.0                     
9       0.0                     
10      0.0                     
11      0.0                     
12      0.0                     
13      0.0                     
14      0.0                     
15      0.0                     
16      0.0                     
17      0.0                     
18      0.0                     
19      0.0                     
20      0.0                     
21      0.0                     
22      0.0                     
23      0.0                     
24      0.0                     

===== fig29 - Power per converter =====
t       Converter 1 AC power [MW]Converter 2 AC power [MW]
1       768.999                 -768.999                
2       768.999                 -768.999                
3       768.999                 -768.999                
4       768.999                 -768.999                
5       768.999                 -768.999                
6       768.999                 -768.999                
7       768.999                 -768.999                
8       768.999                 -768.999                
9       768.999                 -768.999                
10      768.999                 -768.999                
11      768.999                 -768.999                
12      768.999                 -768.999                
13      738.683                 -738.683                
14      768.999                 -768.999                
15      762.835                 -762.835                
16      768.999                 -768.999                
17      768.999                 -768.999                
18      409.0                   -409.0                  
19      768.999                 -768.999                
20      768.999                 -768.999                
21      768.999                 -768.999                
22      768.999                 -768.999                
23      768.999                 -768.999                
24      768.999                 -768.999                

===== fig30 - Failure binary variable (delta hvdc) =====
t       HVDC 1                  HVDC 2                  
1       1.0                     1.0                     
2       1.0                     1.0                     
3       1.0                     1.0                     
4       1.0                     1.0                     
5       1.0                     1.0                     
6       1.0                     1.0                     
7       1.0                     1.0                     
8       1.0                     1.0                     
9       1.0                     1.0                     
10      1.0                     1.0                     
11      1.0                     1.0                     
12      1.0                     1.0                     
13      1.0                     1.0                     
14      1.0                     1.0                     
15      1.0                     1.0                     
16      1.0                     1.0                     
17      1.0                     1.0                     
18      1.0                     1.0                     
19      1.0                     1.0                     
20      1.0                     1.0                     
21      1.0                     1.0                     
22      1.0                     1.0                     
23      1.0                     1.0                     
24      1.0                     1.0                     

===== fig31 - Reserve allocation Area 1 (Nordic) pl reserve =====
t       Reserve thermal generators [MW]Reserve electrolyzers [MW]Reserve storage [MW]    
1       300.971                 468.027                 0.0                     
2       300.193                 0.0                     477.152                 
3       306.239                 462.759                 0.0                     
4       306.239                 462.759                 0.0                     
5       306.239                 470.261                 0.0                     
6       118.853                 840.98                  0.0                     
7       2.91                    900.0                   463.046                 
8       18.66                   900.0                   498.285                 
9       3.477                   900.0                   495.943                 
10      13.861                  900.0                   498.482                 
11      0.088                   900.0                   486.158                 
12      0.628                   810.551                 587.174                 
13      0.0                     900.0                   466.418                 
14      3.228                   900.0                   497.024                 
15      0.0                     900.0                   496.8                   
16      0.0                     571.4                   828.6                   
17      1.246                   900.0                   497.917                 
18      0.508                   900.0                   701.803                 
19      0.0                     900.0                   498.733                 
20      0.508                   900.0                   804.136                 
21      4.664                   900.0                   496.804                 
22      3.228                   900.0                   497.424                 
23      28.102                  900.0                   345.528                 
24      121.577                 856.809                 226.728                 

===== fig32 - Reserve allocation Area 2 (GB) pl reserve =====
t       Reserve thermal generators [MW]Reserve electrolyzers [MW]Reserve storage [MW]    
1       631.002                 0.0                     0.0                     
2       631.002                 0.0                     0.0                     
3       631.002                 0.0                     0.0                     
4       631.002                 0.0                     0.0                     
5       631.002                 0.0                     0.0                     
6       631.002                 0.0                     0.0                     
7       631.002                 0.0                     0.0                     
8       631.002                 0.0                     0.0                     
9       631.002                 0.0                     0.0                     
10      631.002                 0.0                     0.0                     
11      631.002                 0.0                     0.0                     
12      631.002                 0.0                     0.0                     
13      631.002                 0.0                     30.315                  
14      631.002                 0.0                     0.0                     
15      631.002                 6.164                   0.0                     
16      631.002                 0.0                     0.0                     
17      631.002                 0.0                     0.0                     
18      631.002                 359.998                 0.0                     
19      631.002                 0.0                     0.0                     
20      631.002                 0.0                     0.0                     
21      631.002                 0.0                     0.0                     
22      631.002                 0.0                     0.0                     
23      631.002                 0.0                     0.0                     
24      631.002                 0.0                     0.0                     

===== fig33 - Procured Inertia Area 1 (Nordic) =====
t       Inertia Area 1 (Nordic) [GW*s]
1       311.498                 
2       316.553                 
3       316.553                 
4       316.553                 
5       316.553                 
6       325.389                 
7       325.389                 
8       325.389                 
9       325.389                 
10      325.389                 
11      324.093                 
12      316.553                 
13      318.616                 
14      318.616                 
15      318.616                 
16      318.616                 
17      320.504                 
18      320.504                 
19      320.12                  
20      318.616                 
21      318.616                 
22      316.553                 
23      311.498                 
24      311.498                 

===== fig34 - Procured Inertia Area 2 (GB) =====
t       Inertia Area 2 (GB) [GW*s]
1       257.75                  
2       257.75                  
3       257.75                  
4       257.75                  
5       257.75                  
6       257.75                  
7       257.75                  
8       257.75                  
9       257.75                  
10      257.75                  
11      257.75                  
12      257.75                  
13      257.75                  
14      257.75                  
15      257.75                  
16      257.75                  
17      257.75                  
18      257.75                  
19      257.75                  
20      257.75                  
21      257.75                  
22      257.75                  
23      257.75                  
24      257.75                  

===== fig35 - Renewable Generation by type Area 1 (Nordic) =====
t       Reservoir Generation [MW]Wind Generation [MW]    Solar Generation [MW]   
1       16644.463               22341.649               0.0                     
2       25631.514               23351.764               0.0                     
3       24928.48                22766.562               0.0                     
4       25312.285               22382.758               0.0                     
5       28351.149               23208.6                 0.0                     
6       36736.281               27471.893               0.0                     
7       43744.218               31469.298               0.0                     
8       44055.488               34283.744               0.0                     
9       44853.78                36358.117               1344.1                  
10      45566.146               38102.653               8064.6                  
11      41717.285               38489.246               16129.2                 
12      32482.735               40027.319               22849.7                 
13      24975.771               42244.063               26882.0                 
14      23873.968               44799.792               24193.8                 
15      26734.776               47441.109               17473.3                 
16      33567.063               49986.121               9408.7                  
17      39505.839               52075.115               2688.2                  
18      42234.918               53446.139               0.0                     
19      39679.56                50668.193               0.0                     
20      33468.563               46586.502               0.0                     
21      28406.882               42523.373               0.0                     
22      24900.393               39443.525               0.0                     
23      21745.714               35950.74                0.0                     
24      20436.684               33276.264               0.0                     

===== fig36 - Renewable Generation by type Area 2 (GB) =====
t       Reservoir Generation [MW]Wind Generation [MW]    Solar Generation [MW]   
1       0.0                     21739.52                0.0                     
2       0.0                     21348.982               0.0                     
3       0.0                     22183.121               0.0                     
4       0.0                     21782.437               0.0                     
5       0.0                     19821.104               0.0                     
6       0.0                     23049.725               0.0                     
7       0.0                     25862.939               0.0                     
8       0.0                     29756.948               0.0                     
9       0.0                     28070.187               235.0                   
10      0.0                     23989.357               1410.0                  
11      0.0                     18284.358               2820.0                  
12      0.0                     15165.643               3995.0                  
13      0.0                     21858.11                4700.0                  
14      0.0                     13285.811               4230.0                  
15      0.0                     19321.537               3055.0                  
16      0.0                     36989.816               1645.0                  
17      0.0                     39756.053               470.0                   
18      0.0                     50431.292               0.0                     
19      0.0                     44246.803               0.0                     
20      0.0                     43573.614               0.0                     
21      0.0                     37272.991               0.0                     
22      0.0                     33651.992               0.0                     
23      0.0                     26981.748               0.0                     
24      0.0                     24167.871               0.0                     

===== fig37 - Headroom by Area =====
t       Area 1 (Nordic) [MW]    Area 2 (GB) [MW]        
1       53305.437               16363.489               
2       45582.296               20171.511               
3       46285.33                24865.101               
4       45901.525               26411.417               
5       42862.661               22185.063               
6       36549.51                26478.705               
7       27851.514               20814.5                 
8       20321.168               11160.123               
9       17172.442               13742.133               
10      22942.279               18950.067               
11      31244.636               24330.035               
12      38731.075               29059.156               
13      46753.749               27923.096               
14      47855.552               29290.024               
15      44994.744               29192.911               
16      38162.457               26840.037               
17      32648.483               15570.099               
18      29919.404               19390.077               
19      32388.362               20136.558               
20      38260.957               16627.594               
21      43322.638               15727.546               
22      46313.417               18314.245               
23      48204.186               29109.016               
24      49513.216               28495.012               

===== fig38 - Load shedding Area 1 (Nordic) and Area 2 (GB) =====
t       Area 1 (Nordic) [MW]    Area 2 (GB) [MW]        
1       0.0                     0.0                     
2       0.0                     0.0                     
3       0.0                     0.0                     
4       0.0                     0.0                     
5       0.0                     0.0                     
6       0.0                     0.0                     
7       0.0                     0.0                     
8       0.0                     0.0                     
9       0.0                     0.0                     
10      0.0                     0.0                     
11      0.0                     0.0                     
12      0.0                     0.0                     
13      0.0                     0.0                     
14      0.0                     0.0                     
15      0.0                     0.0                     
16      0.0                     0.0                     
17      0.0                     0.0                     
18      0.0                     0.0                     
19      0.0                     0.0                     
20      0.0                     0.0                     
21      0.0                     0.0                     
22      0.0                     0.0                     
23      0.0                     0.0                     
24      0.0                     0.0                     

===== fig39 - Reserve lg 2 and power loss reserve 1 =====
t       Reserve lg 2 [MW]       Power loss reserve 1 [MW]
1       768.998                 768.998                 
2       777.345                 777.345                 
3       768.998                 768.998                 
4       768.998                 768.998                 
5       776.5                   776.5                   
6       959.833                 959.833                 
7       1363.085                1363.085                
8       1398.533                1398.533                
9       1395.989                1395.989                
10      1398.667                1398.667                
11      1386.159                1386.159                
12      1397.733                1397.733                
13      1366.418                1366.418                
14      1397.067                1397.067                
15      1396.8                  1396.8                  
16      1400.0                  1400.0                  
17      1397.933                1397.933                
18      1602.31                 1602.31                 
19      1398.733                1398.733                
20      1704.644                1704.644                
21      1396.867                1396.867                
22      1397.467                1397.467                
23      1273.629                1273.629                
24      1205.115                1205.115                

===== fig41 - Renewable curtailment Area 1 (Nordic) =====
t       Solar Curtailment [MW]  Wind Curtailment [MW]   
1       -0.0                    486.729                 
2       -0.0                    693.349                 
3       -0.0                    596.502                 
4       -0.0                    497.349                 
5       -0.0                    682.378                 
6       -0.0                    349.535                 
7       -0.0                    -0.0                    
8       -0.0                    180.917                 
9       -0.0                    209.208                 
10      -0.0                    219.246                 
11      -0.0                    1142.803                
12      -0.0                    1188.47                 
13      -0.0                    1466.15                 
14      -0.0                    2280.847                
15      -0.0                    3018.948                
16      -0.0                    4046.022                
17      -0.0                    4215.111                
18      -0.0                    3953.861                
19      -0.0                    4101.231                
20      -0.0                    2613.498                
21      -0.0                    1475.844                
22      -0.0                    1171.137                
23      -0.0                    1067.431                
24      -0.0                    988.022                 

===== fig42 - Renewable curtailment Area 2 (GB) =====
t       Solar Curtailment [MW]  Wind Curtailment [MW]   
1       -0.0                    262.343                 
2       -0.0                    1825.564                
3       -0.0                    334.07                  
4       -0.0                    269.283                 
5       -0.0                    3204.887                
6       -0.0                    3764.413                
7       -0.0                    4466.996                
8       -0.0                    3459.9                  
9       -0.0                    7173.196                
10      -0.0                    12945.075               
11      -0.0                    19912.79                
12      -0.0                    24557.905               
13      -0.0                    20269.55                
14      -0.0                    32090.247               
15      -0.0                    29311.584               
16      -0.0                    15086.062               
17      -0.0                    14496.152               
18      -0.0                    4890.508                
19      -0.0                    8539.662                
20      -0.0                    3845.072                
21      -0.0                    5133.209                
22      -0.0                    5492.193                
23      -0.0                    8696.158                
24      -0.0                    8855.857                

===== fig43 - Total generation by technology Area 1 (Nordic) =====
t       Nuclear [MW]            Gas [MW]                Biomass [MW]            Oil [MW]                Reservoir (Hydro) [MW]  Pump [MW]               Solar [MW]              Wind [MW]               
1       2264.0                  0.0                     0.0                     0.0                     16644.463               0.0                     0.0                     22341.649               
2       2264.0                  0.0                     0.0                     0.0                     25631.514               0.0                     0.0                     23351.764               
3       2264.0                  0.0                     0.0                     0.0                     24928.48                0.0                     0.0                     22766.562               
4       2264.0                  0.0                     0.0                     0.0                     25312.285               0.0                     0.0                     22382.758               
5       2264.0                  0.0                     0.0                     0.0                     28351.149               0.0                     0.0                     23208.6                 
6       2264.0                  0.0                     0.0                     0.0                     36736.281               136.929                 0.0                     27471.893               
7       3954.058                0.0                     0.0                     0.0                     43744.218               136.929                 0.0                     31469.298               
8       11173.135               0.0                     0.0                     0.0                     44055.488               136.929                 0.0                     34283.744               
9       13445.125               0.0                     0.0                     0.0                     44853.78                215.373                 1344.1                  36358.117               
10      7041.366                0.0                     0.0                     0.0                     45566.146               136.929                 8064.6                  38102.653               
11      2264.0                  0.0                     0.0                     0.0                     41717.285               136.929                 16129.2                 38489.246               
12      2264.0                  0.0                     0.0                     0.0                     32482.735               0.0                     22849.7                 40027.319               
13      2264.0                  0.0                     0.0                     0.0                     24975.771               0.0                     26882.0                 42244.063               
14      2264.0                  0.0                     0.0                     0.0                     23873.968               0.0                     24193.8                 44799.792               
15      2264.0                  0.0                     0.0                     0.0                     26734.776               0.0                     17473.3                 47441.109               
16      2264.0                  0.0                     0.0                     0.0                     33567.063               0.0                     9408.7                  49986.121               
17      2264.0                  0.0                     0.0                     0.0                     39505.839               47.198                  2688.2                  52075.115               
18      2264.0                  0.0                     0.0                     0.0                     42234.918               47.198                  0.0                     53446.139               
19      2264.0                  0.0                     0.0                     0.0                     39679.56                37.598                  0.0                     50668.193               
20      2264.0                  0.0                     0.0                     0.0                     33468.563               0.0                     0.0                     46586.502               
21      2264.0                  0.0                     0.0                     0.0                     28406.882               0.0                     0.0                     42523.373               
22      2264.0                  0.0                     0.0                     0.0                     24900.393               0.0                     0.0                     39443.525               
23      2264.0                  0.0                     0.0                     0.0                     21745.714               0.0                     0.0                     35950.74                
24      2264.0                  0.0                     0.0                     0.0                     20436.684               0.0                     0.0                     33276.264               

===== fig44 - Total generation by technology Area 2 (GB) =====
t       Nuclear [MW]            Gas [MW]                Biomass [MW]            Oil [MW]                Reservoir (Hydro) [MW]  Pump [MW]               Solar [MW]              Wind [MW]               Rooftop Solar [MW]      
1       5600.0                  40836.511               0.0                     0.0                     0.0                     0.0                     0.0                     21739.52                0.0                     
2       5600.0                  37028.489               0.0                     0.0                     0.0                     0.0                     0.0                     21348.982               0.0                     
3       5600.0                  32334.899               0.0                     0.0                     0.0                     0.0                     0.0                     22183.121               0.0                     
4       5600.0                  30788.583               0.0                     0.0                     0.0                     0.0                     0.0                     21782.437               0.0                     
5       5600.0                  35014.937               0.0                     0.0                     0.0                     0.0                     0.0                     19821.104               0.0                     
6       5600.0                  30721.295               0.0                     0.0                     0.0                     0.0                     0.0                     23049.725               0.0                     
7       5600.0                  36385.5                 0.0                     0.0                     0.0                     0.0                     0.0                     25862.939               0.0                     
8       5600.0                  46039.877               0.0                     0.0                     0.0                     0.0                     0.0                     29756.948               0.0                     
9       5600.0                  43457.867               0.0                     0.0                     0.0                     0.0                     235.0                   28070.187               2115.0                  
10      5600.0                  38249.933               0.0                     0.0                     0.0                     0.0                     1410.0                  23989.357               12690.0                 
11      5600.0                  32869.965               0.0                     0.0                     0.0                     0.0                     2820.0                  18284.358               25380.0                 
12      5600.0                  28140.844               0.0                     0.0                     0.0                     0.0                     3995.0                  15165.643               35955.0                 
13      5600.0                  29276.904               0.0                     0.0                     0.0                     0.0                     4700.0                  21858.11                42300.0                 
14      5600.0                  27909.976               0.0                     0.0                     0.0                     0.0                     4230.0                  13285.811               38070.0                 
15      5600.0                  28007.089               0.0                     0.0                     0.0                     0.0                     3055.0                  19321.537               27495.0                 
16      5600.0                  30359.963               0.0                     0.0                     0.0                     0.0                     1645.0                  36989.816               14805.0                 
17      5600.0                  41629.901               0.0                     0.0                     0.0                     0.0                     470.0                   39756.053               4230.0                  
18      7169.992                36239.931               0.0                     0.0                     0.0                     0.0                     0.0                     50431.292               0.0                     
19      5600.0                  37063.442               0.0                     0.0                     0.0                     0.0                     0.0                     44246.803               0.0                     
20      7169.992                39002.414               0.0                     0.0                     0.0                     0.0                     0.0                     43573.614               0.0                     
21      5600.0                  41472.454               0.0                     0.0                     0.0                     0.0                     0.0                     37272.991               0.0                     
22      5600.0                  38885.755               0.0                     0.0                     0.0                     0.0                     0.0                     33651.992               0.0                     
23      5600.0                  28090.984               0.0                     0.0                     0.0                     0.0                     0.0                     26981.748               0.0                     
24      5600.0                  28704.988               0.0                     0.0                     0.0                     0.0                     0.0                     24167.871               0.0                     

===== Total energy generated by technology (sum over all hours) =====
technology          Area 1 (Nordic) [MWh]   Area 2 (GB) [MWh]       
Nuclear             80893.684               137539.984              
Gas                 0.0                     838512.502              
Biomass             0.0                     0.0                     
Oil                 0.0                     0.0                     
Reservoir (Hydro)   769553.957              0.0                     
Pump                1032.012                0.0                     
Solar               129033.6                22560.0                 
Wind                898694.538              662591.958              
Rooftop Solar       0.0                     203040.0                

