===== fig1 - Storage and Hydrogen flows Area 1 (Nordic) =====
t	Hydrogen injected [kg/h]	Hydrogen stored [kg]	Hydrogen Electrolyzer [kg/h]	Hydrogen consumed [kg/h]
1	0.0	8275.861333333332	1724.1377777777777	0.0
2	0.0	8620.68888888889	1724.1377777777777	0.0
3	0.0	8965.516444444444	1724.1377777777777	0.0
4	0.0	9310.344	1724.1377777777777	0.0
5	0.0	9655.13862068966	1724.1377777777777	0.0
6	0.0	9999.958275862075	1724.1377777777777	0.0
7	0.0	10344.777931034489	1724.1377777777777	0.0
8	0.0	10689.597586206903	1724.1377777777777	0.0
9	0.0	11034.41724137932	1724.1377777777777	0.0
10	0.0	11379.236896551734	1724.1377777777777	0.0
11	0.0	11724.056551724148	1724.1377777777777	0.0
12	0.0	12068.876206896564	1724.1377777777777	0.0
13	0.0	12413.695862068978	1724.1377777777777	0.0
14	551.5845517241539	12758.515517241392	1724.1377777777777	0.0
15	1724.1377777777777	12490.46344827586	1724.1377777777777	0.0
16	1724.1377777777777	10919.583103448273	1724.1377777777777	0.0
17	0.0	9348.702758620688	1724.1377777777777	0.0
18	1724.1377777777777	9693.522413793102	1724.1377777777777	0.0
19	1724.1377777777777	8122.642068965516	1724.1377777777777	0.0
20	0.0	6551.761724137929	1724.1377777777777	0.0
21	0.0	6896.551111111111	1724.1377777777777	0.0
22	0.0	7241.3786666666665	1724.1377777777777	0.0
23	0.0	7586.206222222222	1724.1377777777777	0.0
24	0.0	7931.033777777777	1724.1377777777777	0.0

===== fig2 - Storage and Hydrogen flows Area 2 (GB) =====
t	Hydrogen injected [kg/h]	Hydrogen stored [kg]	Hydrogen Electrolyzer [kg/h]	Hydrogen consumed [kg/h]
1	3103.4480000000003	0.0	17241.37777777778	0.0
2	3103.4480000000003	0.0	17241.37777777778	0.0
3	3103.4480000000003	0.0	17241.37777777778	0.0
4	3103.4480000000003	0.0	17241.37777777778	0.0
5	3103.4480000000003	0.0	17241.37777777778	0.0
6	3103.4480000000003	0.0	17241.37777777778	0.0
7	3103.4480000000003	0.0	17241.37777777778	0.0
8	3103.4480000000003	0.0	17241.37777777778	0.0
9	3103.4480000000003	0.0	17241.37777777778	0.0
10	3103.4480000000003	0.0	17241.37777777778	0.0
11	3103.4480000000003	0.0	17241.37777777778	0.0
12	3103.4480000000003	0.0	17241.37777777778	0.0
13	3103.4480000000003	0.0	17241.37777777778	0.0
14	3103.4480000000003	0.0	17241.37777777778	0.0
15	3103.4480000000003	0.0	17241.37777777778	0.0
16	3103.4480000000003	0.0	17241.37777777778	0.0
17	3103.4480000000003	0.0	17241.37777777778	0.0
18	3103.4480000000003	0.0	17241.37777777778	0.0
19	3103.4480000000003	0.0	17241.37777777778	0.0
20	3103.4480000000003	0.0	17241.37777777778	0.0
21	3103.4480000000003	0.0	17241.37777777778	0.0
22	3103.4480000000003	0.0	17241.37777777778	0.0
23	3103.4480000000003	0.0	17241.37777777778	0.0
24	3103.4480000000003	0.0	17241.37777777778	0.0

===== fig3 - Energy and power flows of the storage Area 1 (Nordic) =====
t	charging power [MW]	discharging power [MW]	Energy stored [MWh]
1	0.0	0.0	290.0
2	0.0	0.0	290.0
3	0.0	0.0	290.0
4	7.763049790420951	0.0	290.0
5	0.0	0.0	296.98674481137886
6	0.0	0.0	296.98674481137886
7	0.0	0.0	296.98674481137886
8	0.0	6.468070330240998	296.98674481137886
9	0.0	0.0	289.79999999999995
10	0.0	0.0	289.79999999999995
11	0.0	0.0	289.79999999999995
12	0.0	0.0	289.79999999999995
13	0.0	0.0	289.79999999999995
14	0.0	0.0	289.79999999999995
15	0.0	0.0	289.79999999999995
16	600.0	0.0	289.79999999999995
17	0.0	0.0	829.8
18	0.0	0.0	829.8
19	0.0	0.0	829.8
20	0.0	0.0	829.8
21	0.0	485.81999999999994	829.8
22	0.0	0.0	290.0
23	0.0	0.0	290.0
24	0.0	0.0	290.0

===== fig4 - Energy and power flows of the storage Area 2 (GB) =====
t	charging power [MW]	discharging power [MW]	Energy stored [MWh]
1	0.0	0.0	290.0
2	0.0	0.0	290.0
3	0.0	0.0	290.0
4	0.0	0.0	290.0
5	0.0	0.0	290.0
6	0.0	0.0	290.0
7	0.0	0.0	290.0
8	0.0	0.18000000000002014	290.0
9	0.0	0.0	289.79999999999995
10	0.0	0.0	289.79999999999995
11	0.0	0.0	289.79999999999995
12	0.0	0.0	289.79999999999995
13	0.0	0.0	289.79999999999995
14	32.29221421416959	0.0	289.79999999999995
15	0.0	0.0	318.8629927927526
16	600.0	0.0	318.8629927927526
17	0.0	0.0	858.8629927927526
18	0.0	0.0	858.8629927927526
19	0.0	0.0	858.8629927927526
20	0.0	511.97669351347724	858.8629927927526
21	0.0	0.0	290.0
22	0.0	0.0	290.0
23	0.0	0.0	290.0
24	0.0	0.0	290.0

===== fig5 - Generation by unit Area 1 (Nordic) =====
t	Generator 1 [MW]	Generator 2 [MW]	Generator 3 [MW]
1	1466.6413361163677	0.0	161.5
2	1544.8121932086792	0.0	161.5
3	1500.9929994806519	1800.0	161.5
4	1469.9647236138533	1800.0	161.5
5	1534.9095496207156	1800.0	161.5
6	1787.4269297679668	2027.1285103574378	161.5
7	2021.7894614934128	2034.3258968444445	1608.2690388888889
8	2214.2308112491723	2042.84	1608.2690388888889
9	2349.319356217225	2042.84	1614.9999999999998
10	2462.0444333873006	2042.84	1614.9999999999998
11	2546.2168909778884	2042.84	161.5
12	2647.9665413980797	2042.84	161.5
13	2808.2243004148927	204.28200000000004	161.5
14	3024.762077369748	204.28200000000004	161.5
15	3088.3961760999996	340.19213857574323	161.5
16	3114.7199287779263	204.28200000000004	161.5
17	3244.888654958836	2034.3258968444445	161.5
18	3308.862362	2034.3258968444445	161.5
19	3157.2209786703575	2034.3258968444445	161.5
20	3088.3961760999996	2034.3258968444445	161.5
21	2826.791755759421	2034.3258968444445	161.5
22	2609.346236936637	204.28200000000004	161.5
23	2378.284582719435	204.28200000000004	161.5
24	2201.357372740947	204.28200000000004	161.5

===== fig6 - Generation by unit Area 2 (GB) =====
t	Generator 4 [MW]	Generator 5 [MW]	Generator 6 [MW]
1	0.0	250.0	126.07309681000001
2	0.0	250.0	132.792696068
3	0.0	0.0	129.02598002300002
4	0.0	0.0	126.35877657600001
5	0.0	0.0	131.941460723
6	0.0	0.0	153.647959326
7	0.0	0.0	173.79385963800001
8	0.0	0.0	190.33619778200003
9	0.0	0.0	201.948465068
10	0.0	0.0	211.63835939800003
11	0.0	0.0	218.873858721
12	0.0	0.0	227.620300821
13	0.0	0.0	241.396124173
14	0.0	0.0	260.009801181
15	0.0	0.0	278.673133703
16	0.0	0.0	298.400510327
17	0.0	0.0	310.871106467
18	0.0	0.0	317.0
19	0.0	0.0	302.472252014
20	0.0	0.0	271.71428566900005
21	0.0	0.0	242.99219032599999
22	0.0	0.0	224.300483451
23	0.0	0.0	204.438327937
24	0.0	0.0	189.229591675

===== fig7 - Loss of power area 1 (Nordic) =====
t	Loss generator 1 [MW]	Loss converter 1 [MW]	Loss reserve Area 1 [MW]
1	1800.0	0.0	0.0
2	1800.0	0.0	0.0
3	1800.0	0.0	0.0
4	1800.0	0.0	0.0
5	1800.0	0.0	0.0
6	2027.1285103574378	0.0	0.0
7	2506.434154588889	0.0	0.0
8	2654.59	0.0	0.0
9	2746.158108555555	0.0	0.0
10	2812.3965401341757	0.0	0.0
11	2800.0002099999992	0.0	0.0
12	2800.0002	0.0	0.0
13	2957.764837456788	0.0	0.0
14	3042.041133676026	0.0	0.004643946196125626
15	3088.3961760999996	0.0	0.0
16	3114.7199287779263	0.0	0.0
17	3244.888654958836	0.0	0.004087721894485696
18	3308.862362	0.0	0.0
19	3157.2209786703575	0.0	0.0
20	3088.3961760999996	0.0	0.0
21	2977.3210269431406	0.0	0.0
22	2748.296333459234	0.0	0.0
23	2504.9304327983546	0.0	0.0
24	2318.581685518306	0.0	0.0

===== fig8 - Loss of power area 2 (GB) =====
t	Loss generator 2 [MW]	Loss converter 2 [MW]	Loss reserve Area 2 [MW]
1	1800.0	1400.0	1800.0
2	1800.0	1400.0	1800.0
3	1800.0	1400.0	1800.0
4	1800.0	1400.0	1800.0
5	1800.0	1400.0	1800.0
6	1987.2448998	1400.0	1987.2448898000002
7	2247.8070174000004	1400.0	2247.8069974000005
8	2461.7615486	1400.0	2461.7615386000007
9	2611.9517564	1400.0	2611.9517463999996
10	2737.2784654	1400.0	2737.2784654000006
11	2830.8606333	1400.0	2800.0002
12	2943.9849633	1400.0	2800.0002
13	3110.0	1400.0	2800.00019
14	2790.0	1399.9954560538038	2789.9953560538042
15	2790.0	1400.0	2790.0
16	2790.0	1400.0	2790.0
17	2790.0	1399.9960122781054	2789.995912278106
18	2790.0	1400.0	2790.0
19	2790.0	1400.0	2790.0
20	2790.0	1400.0	2790.0
21	2790.0	1400.0	2790.0
22	2550.0	1400.0	2550.0
23	2470.0	1400.0	2470.0
24	2230.0	1400.0	2230.0

===== fig9 - Reserve allocation Area 1 (Nordic) plg =====
t	Reserve thermal generators [MW]	Reserve electrolyzers [MW]	Reserve HVDC [MW]	Reserve storage [MW]
1	0.0	0.0	1800.0	0.0
2	0.0	0.0	1800.0	0.0
3	0.0	0.0	1800.0	0.0
4	0.0	0.0	1800.0	0.0
5	0.0	0.0	1800.0	0.0
6	39.88362055743764	0.0	1987.2448898000002	0.0
7	258.6271571888889	0.0	2247.8069974000005	0.0
8	192.82846139999953	0.0	2461.7615386000007	0.0
9	134.20636215555555	0.0	2611.9517463999996	0.0
10	75.11807473417493	0.0	2737.2784654000006	0.0
11	0.0	0.0	2800.0002	0.0
12	0.0	0.0	2800.0002	0.0
13	157.76464745678783	0.0	2800.00019	0.0
14	252.0457776222222	0.0	2789.9953560538042	0.0
15	298.39617609999993	0.0	2790.0	0.0
16	311.7966652777777	12.923263500149051	2790.0	0.0
17	308.35595633333327	0.0	2789.995912278106	146.5367863473971
18	313.29606501111107	0.0	2790.0	205.56629698888918
19	308.20637478888887	0.0	2790.0	59.014603881469085
20	298.39617609999993	0.0	2790.0	0.0
21	187.32104694314063	0.0	2790.0	0.0
22	198.29634405673852	0.0	2550.0	0.0
23	34.930452798354494	0.0	2470.0	0.0
24	88.58168551830622	0.0	2230.0	0.0

===== fig10 - Reserve allocation Area 1 (Nordic) plc =====
t	Reserve thermal generators [MW]	Reserve electrolyzers [MW]	Reserve HVDC [MW]	Reserve storage [MW]
1	0.0	0.0	0.0	0.0
2	0.0	0.0	0.0	0.0
3	0.0	0.0	0.0	0.0
4	0.0	0.0	0.0	0.0
5	0.0	0.0	0.0	0.0
6	0.0	0.0	0.0	0.0
7	0.0	0.0	0.0	0.0
8	0.0	0.0	0.0	0.0
9	0.0	0.0	0.0	0.0
10	0.0	0.0	0.0	0.0
11	0.0	0.0	0.0	0.0
12	0.0	0.0	0.0	0.0
13	0.0	0.0	0.0	0.0
14	0.00022452806804767924	0.0	0.0	0.0
15	0.0	0.0	0.0	0.0
16	0.0	0.0	0.0	0.0
17	0.0	0.0	0.0	0.0
18	0.0	0.0	0.0	0.0
19	0.0	0.0	0.0	0.0
20	0.0	0.0	0.0	0.0
21	0.0	0.0	0.0	0.0
22	0.0	0.0	0.0	0.0
23	0.0	0.0	0.0	0.0
24	0.0	0.0	0.0	0.0

===== fig11 - Reserve allocation Area 2 (GB) plg =====
t	Reserve thermal generators [MW]	Reserve electrolyzers [MW]	Reserve HVDC [MW]	Reserve storage [MW]
1	250.9002216247173	719.996320000001	0.0	829.1034577777768
2	225.8935549580504	0.0	0.0	1574.1064344444453
3	190.88422162471727	1609.1157677777785	0.0	0.0
4	175.88022162471725	719.996320000001	0.0	904.1234477777772
5	115.8642216247173	1684.1357677777783	0.0	0.0
6	115.8642216247173	1871.380667577778	0.0	0.0
7	115.8642216247173	2131.9427751777785	0.0	0.0
8	115.8642216247173	1799.9942800000022	0.0	545.9030363777758
9	115.8642216247173	719.996320000001	0.0	1776.091204177776
10	115.8642216247173	2481.409453177779	0.0	140.0047899999985
11	115.8642216247173	2714.996401077778	0.0	0.0
12	115.8642216247173	2828.1207310777777	0.0	0.0
13	90.85755615306554	1839.137454701946	0.0	1180.0049799999983
14	78.35422222222222	719.996320000001	0.004643946196125626	1991.6448138315804
15	100.86022222222222	1799.9942800000022	0.0	889.1454877777752
16	100.86022222222222	2569.9958500000007	0.0	119.14392777777611
17	85.85622222222223	1934.1404677777784	0.004087721894485696	769.9992222781049
18	100.86022222222222	1799.9942800000022	0.0	889.1454977777751
19	85.78409562290177	2704.215894377098	0.0	0.0
20	70.85222222222222	2719.1477777777773	0.0	0.0
21	70.85222222222222	2719.147757777777	0.0	0.0
22	55.84822162471734	2494.151767777778	0.0	0.0
23	50.846888888888884	2419.1530911111113	0.0	0.0
24	35.84288888888889	1799.9942800000022	0.0	394.16283111110874

===== fig12 - Reserve allocation Area 2 (GB) plc =====
t	Reserve thermal generators [MW]	Reserve electrolyzers [MW]	Reserve HVDC [MW]	Reserve storage [MW]
1	0.0	719.996320000001	0.0	680.003769999999
2	20.005333333333333	0.0	0.0	1379.994756666667
3	0.0	1400.000080000001	0.0	0.0
4	0.0	719.996320000001	0.0	680.0037699999991
5	0.0	1400.000080000001	0.0	0.0
6	0.0	1400.0000800000007	0.0	0.0
7	0.0	1400.0000700000003	0.0	0.0
8	0.0	854.0970536222243	0.0	545.9030363777758
9	30.008	719.996320000001	0.0	679.6037599999988
10	0.0	1259.9953000000016	0.0	140.0047899999985
11	15.837555555555555	1399.7889688888893	0.0	0.0
12	0.0	1400.000080000001	0.0	0.0
13	0.0	219.99511000000192	0.0	1180.0049799999983
14	0.0	629.9967800000009	0.0	769.9986760538028
15	0.0	539.9989800000008	0.0	860.0010999999993
16	0.0	1400.00009	0.0	0.0
17	0.0	629.9967800000009	0.0	769.9992222781049
18	0.0	719.996320000001	0.0	680.0037699999987
19	0.0	1400.0000800000005	0.0	0.0
20	0.0	1400.0000899999998	0.0	0.0
21	0.0	1400.0000700000003	0.0	0.0
22	5.001333333333333	1399.933413333333	0.0	0.0
23	10.836222222222222	1399.8556255555554	0.0	0.0
24	0.0	1259.9953000000016	0.0	140.00479999999806

===== fig13 - HVDC power flows =====
t	Flow HVDC 1-2 [MW]
1	1400.0
2	1400.0
3	1400.0
4	1400.0
5	1400.0
6	1400.0
7	1400.0
8	1400.0
9	1400.0
10	1400.0
11	1400.0
12	1400.0
13	1400.0
14	1399.9954560538038
15	1400.0
16	1400.0
17	1399.9960122781054
18	1400.0
19	1400.0
20	1400.0
21	1400.0
22	1400.0
23	1400.0
24	1400.0

===== fig14 - Sum Of Power Flows HVDC Links =====
t	Sum Of Flows 12 [MW]
1	1400.0
2	1400.0
3	1400.0
4	1400.0
5	1400.0
6	1400.0
7	1400.0
8	1400.0
9	1400.0
10	1400.0
11	1400.0
12	1400.0
13	1400.0
14	1399.9954560538038
15	1400.0
16	1400.0
17	1399.9960122781054
18	1400.0
19	1400.0
20	1400.0
21	1400.0
22	1400.0
23	1400.0
24	1400.0

===== fig15 - Demand without Electrolyzers and BESS =====
t	Total Demand Area 1 (Nordic) [MW]	Total Demand Area 2 (GB) [MW]
1	40579.41694	37500.0
2	50885.3006	37500.0
3	49597.06514	35000.0
4	49597.06514	33750.0
5	53461.77156	31875.0
6	66344.12616	33750.0
7	79226.48078	40000.0
8	89532.36444	48750.0
9	95973.5417	48750.0
10	98550.01264	50000.0
11	98550.01264	51250.0
12	97261.77716	49625.0
13	95973.5417	49750.0
14	94685.30622	49837.5
15	93397.07074	50000.0
16	94685.30622	51250.0
17	95973.5417	58125.0
18	97261.77716	57500.0
19	92108.83538	55000.0
20	81802.95172	54375.0
21	72785.30342	53750.0
22	66344.12616	47500.0
23	59902.94892	41250.0
24	56038.2425	39750.0

===== fig16 - Demand with Electrolyzers and BESS =====
t	Demand Area 1 (Nordic) [MW]	Demand Area 2 (GB) [MW]
1	40682.2957771	38533.97586206897
2	50988.1794371	38533.97586206897
3	49699.943977099996	36033.97586206897
4	49707.70702689041	34783.97586206897
5	53564.6503971	32908.97586206897
6	66447.0049971	34783.97586206897
7	79329.3596171	41033.97586206897
8	89628.77520676976	49783.79586206897
9	96076.4205371	49783.97586206897
10	98652.8914771	51033.97586206897
11	98652.8914771	52283.97586206897
12	97364.6559971	50658.97586206897
13	96076.4205371	50783.97586206897
14	94789.10620330139	50903.76807628314
15	93502.8288742	51033.97586206897
16	95391.0643542	52883.97586206897
17	96076.4205371	59158.97586206897
18	97367.5352942	58533.97586206897
19	92214.59351420001	56033.97586206897
20	81905.8305571	54896.99916855549
21	72402.36225709999	54783.97586206897
22	66447.0049971	48533.97586206897
23	60005.8277571	42283.97586206897
24	56141.1213371	40783.97586206897

===== fig22 - Flow+Reserve =====
t	-Flow12 + Reserve(lg) Converter 1 [MW]	Flow12 + Reserve(lg) Converter 2 [MW]	-Flow12 + Reserve(lc) Converter 1 [MW]	Flow12 + Reserve(lc) Converter 2 [MW]
1	400.0	1400.0	-1400.0	1400.0
2	400.0	1400.0	-1400.0	1400.0
3	400.0	1400.0	-1400.0	1400.0
4	400.0	1400.0	-1400.0	1400.0
5	400.0	1400.0	-1400.0	1400.0
6	587.2448898000002	1400.0	-1400.0	1400.0
7	847.8069974000005	1400.0	-1400.0	1400.0
8	1061.7615386000007	1400.0	-1400.0	1400.0
9	1211.9517463999996	1400.0	-1400.0	1400.0
10	1337.2784654000006	1400.0	-1400.0	1400.0
11	1400.0002	1400.0	-1400.0	1400.0
12	1400.0002	1400.0	-1400.0	1400.0
13	1400.0001900000002	1400.0	-1400.0	1400.0
14	1389.9999000000005	1400.0001	-1399.9954560538038	1399.9954560538038
15	1390.0	1400.0	-1400.0	1400.0
16	1390.0	1400.0	-1400.0	1400.0
17	1389.9999000000007	1400.0000999999997	-1399.9960122781054	1399.9960122781054
18	1390.0	1400.0	-1400.0	1400.0
19	1390.0	1400.0	-1400.0	1400.0
20	1390.0	1400.0	-1400.0	1400.0
21	1390.0	1400.0	-1400.0	1400.0
22	1150.0	1400.0	-1400.0	1400.0
23	1070.0	1400.0	-1400.0	1400.0
24	830.0	1400.0	-1400.0	1400.0

===== fig23 - Reserve per converter Area 1 (Nordic) plg =====
t	Reserve Converter 1 [MW]
1	1800.0
2	1800.0
3	1800.0
4	1800.0
5	1800.0
6	1987.2448898000002
7	2247.8069974000005
8	2461.7615386000007
9	2611.9517463999996
10	2737.2784654000006
11	2800.0002
12	2800.0002
13	2800.00019
14	2789.9953560538042
15	2790.0
16	2790.0
17	2789.995912278106
18	2790.0
19	2790.0
20	2790.0
21	2790.0
22	2550.0
23	2470.0
24	2230.0

===== fig24 - Reserve per converter Area 1 (Nordic) plc =====
t	Reserve Converter 1 [MW]
1	0.0
2	0.0
3	0.0
4	0.0
5	0.0
6	0.0
7	0.0
8	0.0
9	0.0
10	0.0
11	0.0
12	0.0
13	0.0
14	0.0
15	0.0
16	0.0
17	0.0
18	0.0
19	0.0
20	0.0
21	0.0
22	0.0
23	0.0
24	0.0

===== fig25 - Reserve per converter Area 2 (GB) plg =====
t	Reserve Converter 2 [MW]
1	0.0
2	0.0
3	0.0
4	0.0
5	0.0
6	0.0
7	0.0
8	0.0
9	0.0
10	0.0
11	0.0
12	0.0
13	0.0
14	0.004643946196125626
15	0.0
16	0.0
17	0.004087721894485696
18	0.0
19	0.0
20	0.0
21	0.0
22	0.0
23	0.0
24	0.0

===== fig26 - Reserve per converter Area 2 (GB) plc =====
t	Reserve Converter 2 [MW]
1	0.0
2	0.0
3	0.0
4	0.0
5	0.0
6	0.0
7	0.0
8	0.0
9	0.0
10	0.0
11	0.0
12	0.0
13	0.0
14	0.0
15	0.0
16	0.0
17	0.0
18	0.0
19	0.0
20	0.0
21	0.0
22	0.0
23	0.0
24	0.0

===== fig29 - Power per converter =====
t	Converter 1 AC power [MW]	Converter 2 AC power [MW]
1	-1400.0	1400.0
2	-1400.0	1400.0
3	-1400.0	1400.0
4	-1400.0	1400.0
5	-1400.0	1400.0
6	-1400.0	1400.0
7	-1400.0	1400.0
8	-1400.0	1400.0
9	-1400.0	1400.0
10	-1400.0	1400.0
11	-1400.0	1400.0
12	-1400.0	1400.0
13	-1400.0	1400.0
14	-1399.9954560538038	1399.9954560538038
15	-1400.0	1400.0
16	-1400.0	1400.0
17	-1399.9960122781054	1399.9960122781054
18	-1400.0	1400.0
19	-1400.0	1400.0
20	-1400.0	1400.0
21	-1400.0	1400.0
22	-1400.0	1400.0
23	-1400.0	1400.0
24	-1400.0	1400.0

===== fig30 - Failure binary variable (delta hvdc) =====
t	HVDC 1	HVDC 2
1	1.0	1.0
2	1.0	1.0
3	1.0	1.0
4	1.0	1.0
5	1.0	1.0
6	1.0	1.0
7	1.0	1.0
8	1.0	1.0
9	1.0	1.0
10	1.0	1.0
11	1.0	1.0
12	1.0	1.0
13	1.0	1.0
14	1.0	1.0
15	1.0	1.0
16	1.0	1.0
17	1.0	1.0
18	1.0	1.0
19	1.0	1.0
20	1.0	1.0
21	1.0	1.0
22	1.0	1.0
23	1.0	1.0
24	1.0	1.0

===== fig31 - Reserve allocation Area 1 (Nordic) pl reserve =====
t	Reserve thermal generators [MW]	Reserve electrolyzers [MW]	Reserve storage [MW]
1	0.0	0.0	0.0
2	0.0	0.0	0.0
3	0.0	0.0	0.0
4	0.0	0.0	0.0
5	0.0	0.0	0.0
6	0.0	0.0	0.0
7	0.0	0.0	0.0
8	0.0	0.0	0.0
9	0.0	0.0	0.0
10	0.0	0.0	0.0
11	0.0	0.0	0.0
12	0.0	0.0	0.0
13	0.0	0.0	0.0
14	0.3476386436333444	0.0	0.0
15	0.0	0.0	0.0
16	0.0	0.0	0.0
17	0.0	0.0	0.004087721894485696
18	0.0	0.0	0.0
19	0.0	0.0	0.0
20	0.0	0.0	0.0
21	0.0	0.0	0.0
22	0.0	0.0	0.0
23	0.0	0.0	0.0
24	0.0	0.0	0.0

===== fig32 - Reserve allocation Area 2 (GB) pl reserve =====
t	Reserve thermal generators [MW]	Reserve electrolyzers [MW]	Reserve storage [MW]
1	250.9002216247173	719.996320000001	829.1034577777768
2	225.8935549580504	0.0	1574.1064344444453
3	190.88422162471727	1609.1157677777785	0.0
4	175.88022162471725	719.996320000001	904.1234477777772
5	115.8642216247173	1684.1357677777783	0.0
6	115.8642216247173	1871.380667577778	0.0
7	115.8642216247173	2131.9427751777785	0.0
8	115.8642216247173	1799.9942800000022	545.9030363777758
9	115.8642216247173	719.996320000001	1776.091204177776
10	115.8642216247173	2481.409453177779	140.0047899999985
11	85.00379832471704	2714.996401077778	0.0
12	10.836222222222222	2799.855745555555	0.0
13	0.0	1619.9952000000021	1180.0049799999983
14	78.35422222222222	719.996320000001	1991.6448138315804
15	100.860232222222	1799.9942800000022	889.1454877777752
16	100.86022222222222	2569.9958500000007	119.14392777777611
17	85.85622222222223	1934.1404677777784	769.9992222781049
18	100.86022222222222	1799.9942800000022	889.1454977777751
19	85.78409562290177	2704.215894377098	0.0
20	70.85222222222222	2719.1477777777773	0.0
21	70.85222222222222	2719.147757777777	0.0
22	55.84822162471734	2494.151767777778	0.0
23	50.846888888888884	2419.1530911111113	0.0
24	35.84288888888889	1799.9942800000022	394.16283111110874

===== fig33 - Procured Inertia Area 1 (Nordic) =====
t	Inertia Area 1 (Nordic) [GW*s]
1	214.21995999999996
2	256.66967999999997
3	259.91452000000004
4	262.65208
5	268.14116
6	309.02596
7	325.38888000000003
8	325.38888000000003
9	325.38888000000003
10	325.38888000000003
11	309.02596
12	266.94484
13	246.66272000000004
14	278.47312
15	309.02596
16	321.88700000000006
17	318.58480000000003
18	323.32604000000003
19	318.44124000000005
20	309.02596
21	278.47312
22	272.29376
23	259.24176
24	238.481

===== fig34 - Procured Inertia Area 2 (GB) =====
t	Inertia Area 2 (GB) [GW*s]
1	141.75
2	131.75
3	117.75
4	111.75
5	87.75
6	87.75
7	87.75
8	87.75
9	87.75
10	87.75
11	87.75
12	87.75
13	77.75
14	69.75
15	69.75
16	69.75
17	69.75
18	69.75
19	69.75
20	69.75
21	69.75
22	63.75
23	61.75
24	55.75

===== fig35 - Renewable Generation by type Area 1 (Nordic) =====
t	Reservoir Generation [MW]	Wind Generation [MW]	Solar Generation [MW]
1	18591.390000000003	22828.377777308644	0.0
2	27107.16384741036	24045.1127846586	0.0
3	26947.269087697154	23363.063885798765	0.0
4	26983.934639570914	22880.106542498022	0.0
5	29837.770176378683	23890.977425690286	0.0
6	38804.32510357438	27806.777008494573	0.0
7	45089.26415594443	31469.29823713289	0.0
8	46046.33628782221	34464.66167331733	0.0
9	46518.21054277777	36567.32458208522	1344.0999998646505
10	46849.402700670886	38321.898507724654	8064.5999991879025
11	43164.28637292811	39523.50222076505	16129.199998375805
12	33688.039041186385	40991.01407318361	22849.69999769906
13	25898.37805561582	43460.13959916014	26881.9999668311
14	24234.779288215068	46523.698252343995	24193.799997563696
15	26970.757318592372	49365.656041902796	17473.29999824045
16	33095.6113364083	52219.769846608244	9408.699983818595
17	39053.97675423856	54402.110820379276	2688.199999729301
18	41820.163494865	55474.660627204	0.0
19	39352.99304934732	52932.32028272169	0.0
20	33705.63497868207	48364.29270338694	0.0
21	29304.78942513303	43747.48993693594	0.0
22	26228.803695573097	40382.298416495825	0.0
23	23363.541569877438	36806.383292191545	0.0
24	22236.964472233718	34068.25398983525	0.0

===== fig36 - Renewable Generation by type Area 2 (GB) =====
t	Reservoir Generation [MW]	Wind Generation [MW]	Solar Generation [MW]
1	0.0	22001.863321354962	0.0
2	0.0	23174.54565720721	0.0
3	0.0	22517.190730714196	0.0
4	0.0	22051.719135590392	0.0
5	0.0	23025.990857494206	0.0
6	0.0	26814.137777174692	0.0
7	0.0	30329.9342085932	0.0
8	0.0	33216.84879008281	0.0
9	0.0	35243.38357980719	0.0
10	0.0	36934.4321480892	0.0
11	0.0	38197.14771476455	0.0
12	0.0	39723.548132156255	0.0
13	0.0	42115.50155572419	0.0
14	0.0	44640.3619870074	0.0
15	0.0	47444.089080686186	0.0
16	0.0	50407.66379213007	0.0
17	0.0	52173.20990012679	0.0
18	0.0	53036.8	0.0
19	0.0	50989.77156548559	0.0
20	0.0	46398.685712624036	0.0
21	0.0	42053.3986575404	0.0
22	0.0	38793.137234165406	0.0
23	0.0	35503.75124896979	0.0
24	0.0	32806.278547723574	0.0

===== fig37 - Headroom by Area =====
t	Area 1 (Nordic) [MW]	Area 2 (GB) [MW]
1	27039.099999999995	14557.907164273998
2	29135.75615258964	13230.589571407196
3	30106.860912302855	11573.234644914197
4	30754.585360429093	10850.0
5	29273.019823621322	7707.034771694198
6	30527.66489642562	7850.0
7	25495.561515063924	6885.978142652489
8	18478.961281248343	2705.028059137057
9	15840.626929880902	3049.4275238744717
10	21089.22990484365	3490.476131426252
11	26167.70362707188	3503.1916662234066
12	25123.670958813615	6654.592046563394
13	27842.801944384177	6421.545501243989
14	37459.00071178493	5607.502
15	42361.23268140762	5630.007999999999
16	39318.29866359171	5630.007999999999
17	32616.936245761448	5615.004
18	30949.917505135	5630.007999999999
19	32285.61895065267	5614.931873400679
20	35626.355021317926	5600.0
21	32388.990574866973	5600.0
22	33920.13630442691	4850.0
23	33522.39843012256	4600.0
24	29458.785527766282	3850.0

===== fig38 - Load shedding Area 1 (Nordic) and Area 2 (GB) =====
t	Area 1 (Nordic) [MW]	Area 2 (GB) [MW]
1	0.0	0.0
2	0.0	0.0
3	0.0	0.0
4	0.0	0.0
5	0.0	0.0
6	0.0	0.0
7	0.0	0.0
8	0.0	0.0
9	0.0	0.0
10	0.0	0.0
11	0.0	0.0
12	0.0	0.0
13	0.0	0.0
14	0.0	0.0
15	0.0	0.0
16	0.0	0.0
17	0.0	0.0
18	0.0	0.0
19	0.0	0.0
20	0.0	0.0
21	0.0	0.0
22	0.0	0.0
23	0.0	0.0
24	0.0	0.0

===== fig39 - Reserve lg 2 and power loss reserve 1 =====
t	Reserve lg 2 [MW]	Power loss reserve 1 [MW]
1	0.0	0.0
2	0.0	0.0
3	0.0	0.0
4	0.0	0.0
5	0.0	0.0
6	0.0	0.0
7	0.0	0.0
8	0.0	0.0
9	0.0	0.0
10	0.0	0.0
11	0.0	0.0
12	0.0	0.0
13	0.0	0.0
14	0.004643946196125626	0.004643946196125626
15	0.0	0.0
16	0.0	0.0
17	0.004087721894485696	0.004087721894485696
18	0.0	0.0
19	0.0	0.0
20	0.0	0.0
21	0.0	0.0
22	0.0	0.0
23	0.0	0.0
24	0.0	0.0

