===== fig1 - Storage and Hydrogen flows Area 1 (Nordic) =====
t	Hydrogen injected [kg/h]	Hydrogen stored [kg]	Hydrogen Electrolyzer [kg/h]	Hydrogen consumed [kg/h]
1	551.5845517241523	8275.86	1724.13	0.0
2	0.0	8007.807931034468	1724.13	0.0
3	0.0	8352.627586206883	1724.13	0.0
4	0.0	8697.447241379297	1724.13	0.0
5	0.0	9042.266896551713	1724.13	0.0
6	0.0	9387.086551724127	1724.13	0.0
7	0.0	9731.906206896541	1724.13	0.0
8	0.0	10076.725862068957	1724.13	0.0
9	0.0	10421.545517241371	1724.13	0.0
10	0.0	10766.365172413785	1724.13	0.0
11	0.0	11111.1848275862	1724.13	0.0
12	0.0	11456.004482758615	1724.13	0.0
13	0.0	11800.82413793103	1724.13	0.0
14	0.0	12145.643793103443	1724.13	0.0
15	1724.13	12490.46344827586	1724.13	0.0
16	0.0	10919.583103448273	1724.13	0.0
17	1724.13	11264.402758620687	1724.13	0.0
18	1724.13	9693.522413793102	1724.13	0.0
19	1724.13	8122.642068965516	1724.13	0.0
20	0.0	6551.761724137929	1724.13	0.0
21	0.0	6896.581379310344	1724.13	0.0
22	0.0	7241.4010344827575	1724.13	0.0
23	0.0	7586.220689655172	1724.13	0.0
24	0.0	7931.0403448275865	1724.13	0.0

===== fig2 - Storage and Hydrogen flows Area 2 (GB) =====
t	Hydrogen injected [kg/h]	Hydrogen stored [kg]	Hydrogen Electrolyzer [kg/h]	Hydrogen consumed [kg/h]
1	3103.44827586207	0.0	17241.379310344826	0.0
2	3103.44827586207	0.0	17241.379310344826	0.0
3	3103.44827586207	0.0	17241.379310344826	0.0
4	3103.44827586207	0.0	17241.379310344826	0.0
5	3103.44827586207	0.0	17241.379310344826	0.0
6	3103.44827586207	0.0	17241.379310344826	0.0
7	3103.44827586207	0.0	17241.379310344826	0.0
8	3103.44827586207	0.0	17241.379310344826	0.0
9	3103.44827586207	0.0	17241.379310344826	0.0
10	3103.44827586207	0.0	17241.379310344826	0.0
11	3103.44827586207	0.0	17241.379310344826	0.0
12	3103.44827586207	0.0	17241.379310344826	0.0
13	3103.44827586207	0.0	17241.379310344826	0.0
14	3103.44827586207	0.0	17241.379310344826	0.0
15	3103.44827586207	0.0	17241.379310344826	0.0
16	3103.44827586207	0.0	17241.379310344826	0.0
17	3103.44827586207	0.0	17241.379310344826	0.0
18	3103.44827586207	0.0	17241.379310344826	0.0
19	3103.44827586207	0.0	17241.379310344826	0.0
20	3103.44827586207	0.0	17241.379310344826	0.0
21	3103.44827586207	0.0	17241.379310344826	0.0
22	3103.44827586207	0.0	17241.379310344826	0.0
23	3103.44827586207	0.0	17241.379310344826	0.0
24	3103.44827586207	0.0	17241.379310344826	0.0

===== fig3 - Energy and power flows of the storage Area 1 (Nordic) =====
t	charging power [MW]	discharging power [MW]	Energy stored [MWh]
1	0.0	0.0	290.0
2	0.0	0.18000000000061972	290.0
3	0.0	0.0	289.79999999999933
4	0.0	0.0	289.79999999999995
5	0.0	0.0	289.79999999999995
6	0.0	0.0	289.79999999999995
7	0.0	0.0	289.79999999999995
8	0.0	0.0	289.79999999999995
9	0.0	0.0	289.79999999999995
10	0.0	0.0	289.79999999999995
11	0.0	0.0	289.79999999999995
12	0.0	0.0	289.79999999999995
13	0.0	0.0	289.79999999999995
14	0.0	0.0	289.79999999999995
15	0.0	0.0	289.79999999999995
16	0.0	0.0	289.79999999999995
17	0.0	0.0	289.79999999999995
18	0.0	0.0	289.79999999999995
19	0.22222222222224708	0.0	289.79999999999995
20	0.0	0.0	290.0
21	0.0	0.0	290.0
22	0.0	0.0	290.0
23	0.0	0.0	290.0
24	0.0	0.0	290.0

===== fig4 - Energy and power flows of the storage Area 2 (GB) =====
t	charging power [MW]	discharging power [MW]	Energy stored [MWh]
1	0.0	0.0	290.0
2	0.0	0.18000000000053978	290.0
3	0.0	0.0	289.7999999999994
4	0.0	0.0	289.79999999999995
5	0.0	0.0	289.79999999999995
6	0.0	0.0	289.79999999999995
7	0.0	0.0	289.79999999999995
8	0.0	0.0	289.79999999999995
9	0.0	0.0	289.79999999999995
10	0.0	0.0	289.79999999999995
11	0.0	0.0	289.79999999999995
12	0.0	0.0	289.79999999999995
13	0.0	0.0	289.79999999999995
14	0.0	0.0	289.79999999999995
15	0.0	0.0	289.79999999999995
16	600.0	0.0	289.79999999999995
17	0.0	0.0	829.8
18	0.0	0.0	829.8
19	0.0	0.0	829.8
20	0.0	0.0	829.8
21	0.0	485.81999999999994	829.8
22	0.0	0.0	290.0
23	0.0	0.0	290.0
24	0.0	0.0	290.0

===== fig5 - Generation by unit Area 1 (Nordic) =====
t	Generator 1 [MW]	Generator 2 [MW]	Generator 3 [MW]
1	1342.8218010820367	0.0	161.5
2	1544.8121932086792	1537.9707006363815	161.5
3	1500.9929994806519	204.28200000000004	161.5
4	1469.9647236138533	302.36672315431383	161.5
5	1534.9095496207156	1570.1194051322705	161.5
6	1787.4269297679668	1859.7383665444443	161.5
7	1861.0834751444443	1861.0834751444443	1608.2690388888889
8	1867.3613495489342	1867.3613495489342	1608.2690388888889
9	1860.864238255252	1860.864238255252	1608.2690388888889
10	1868.8086231888888	1868.8086231888888	1608.2690388888889
11	1915.363774416544	1915.363774416544	1608.2690388888889
12	1816.602020042585	1816.6020200425805	161.5
13	1991.9640742055917	289.85886946249263	161.5
14	1945.9558730736294	204.28200000000004	161.5
15	1682.8386911074024	1682.8386911074006	161.5
16	2034.3258968444445	2034.3258968444445	161.5
17	2082.7678293943923	2034.325896844445	1608.2690388888889
18	2287.492165543692	2034.3258968444445	1608.2690388888889
19	2087.236346668202	2034.325896844445	1608.2690388888889
20	2000.738243327048	2000.738243327048	161.5
21	1820.7399326610807	1820.7399326610807	161.5
22	1698.1975250316798	204.28200000000004	161.5
23	1543.1545444273672	204.28200000000004	161.5
24	1550.9314640576504	204.28200000000004	161.5

===== fig6 - Generation by unit Area 2 (GB) =====
t	Generator 4 [MW]	Generator 5 [MW]	Generator 6 [MW]
1	250.0	250.0	126.07309681000001
2	250.0	250.0	132.792696068
3	250.0	250.0	129.02598002300002
4	0.0	250.0	126.35877657599934
5	0.0	250.0	131.941460723
6	0.0	250.0	153.647959326
7	0.0	250.0	173.79385963800001
8	0.0	494.9986666666667	190.33619778200003
9	0.0	494.9986666666667	201.948465068
10	0.0	494.9986666666667	211.63835939800003
11	0.0	250.0	218.873858721
12	0.0	250.0	227.620300821
13	0.0	250.0	241.396124173
14	0.0	0.0	260.009801181
15	0.0	0.0	278.673133703
16	0.0	0.0	298.400510327
17	0.0	0.0	310.871106467
18	0.0	0.0	317.0
19	0.0	0.0	302.472252014
20	0.0	0.0	271.71428566900005
21	0.0	0.0	242.99219032599999
22	0.0	0.0	224.300483451
23	0.0	0.0	204.438327937
24	0.0	0.0	189.229591675

===== fig7 - Loss of power area 1 (Nordic) =====
t	Loss generator 1 [MW]	Loss converter 1 [MW]	Loss reserve Area 1 [MW]
1	1342.8218010820367	9.999999583953922e-6	-0.0
2	1544.8121932086797	9.999999583953922e-6	-0.0
3	1500.9929994806519	9.999999583953922e-6	-0.0
4	1469.964723613854	9.999999583953922e-6	-0.0
5	1570.1194051322705	9.999999583953922e-6	-0.0
6	1859.7383665444443	9.999999583953922e-6	-0.0
7	1861.0834751444443	9.999999583953922e-6	-0.0
8	1867.3613495489342	9.999999583953922e-6	-0.0
9	1860.864238255252	9.999999583953922e-6	-0.0
10	1868.8086231888888	9.999999583953922e-6	-0.0
11	1915.363774416544	9.999999583953922e-6	-0.0
12	1816.602020042585	9.999999583953922e-6	-0.0
13	1991.9640742055917	9.999999583953922e-6	-0.0
14	1945.9558730736294	9.999999583953922e-6	-0.0
15	1682.8386911074024	9.999999583953922e-6	-0.0
16	2034.3258968444445	9.999999583953922e-6	-0.0
17	2082.7678293943923	9.999999583953922e-6	-0.0
18	2287.492165543692	9.999999583953922e-6	-0.0
19	2087.236346668202	9.999999583953922e-6	-0.0
20	2000.738243327048	9.999999583953922e-6	-0.0
21	1820.7399326610807	9.999999583953922e-6	-0.0
22	1698.1975250316798	9.999999583953922e-6	-0.0
23	1543.1545444273672	9.999999583953922e-6	-0.0
24	1550.9314640576504	9.999999583953922e-6	-0.0

===== fig8 - Loss of power area 2 (GB) =====
t	Loss generator 2 [MW]	Loss converter 2 [MW]	Loss reserve Area 2 [MW]
1	1798.419714272903	0.0	-0.0
2	1800.0	0.0	-0.0
3	1800.0	0.0	-0.0
4	1800.0	0.0	-0.0
5	1800.0	0.0	-0.0
6	1987.2448998	0.0	-0.0
7	2247.8070174000004	0.0	-0.0
8	2461.7615486	0.0	-0.0
9	2611.9517564	0.0	-0.0
10	2737.2784654	0.0	-0.0
11	2830.8606333	0.0	-0.0
12	2943.9849633	0.0	-0.0
13	3122.1580728999998	0.0	-0.0
14	3110.0	0.0	-0.0
15	3110.0	0.0	-0.0
16	3110.0	0.0	-0.0
17	3110.0	0.0	-0.0
18	3110.0	0.0	-0.0
19	3110.0	0.0	-0.0
20	3110.0	0.0	-0.0
21	3110.0	0.0	-0.0
22	2870.0	0.0	-0.0
23	2630.0	0.0	-0.0
24	2390.0	0.0	-0.0

===== fig9 - Reserve allocation Area 1 (Nordic) plg =====
t	Reserve thermal generators [MW]	Reserve electrolyzers [MW]	Reserve HVDC [MW]	Reserve storage [MW]
1	236.75640987777774	900.0	0.0	206.06539120425893
2	297.62322003333327	900.0	0.0	347.1889731753463
3	297.62322003333327	900.0	0.0	303.36977944731854
4	297.62322003333327	900.0	0.0	272.3415035805206
5	297.62322003333327	900.0	0.0	372.4961850989371
6	309.7383665444444	900.0	0.0	650.0
7	311.0834751444444	900.0	0.0	650.0
8	311.7055576555555	900.0	0.0	655.6557918933785
9	315.4454296888888	900.0	0.0	645.4188085663635
10	315.44542968888885	900.0	0.0	653.3631935
11	311.7055576555555	900.0	0.0	703.6582167609882
12	311.4835818111111	900.0	0.0	605.1184382314741
13	309.7383665444444	900.0	0.0	782.2257076611475
14	309.7383665444444	900.0	0.0	736.2175065291851
15	311.0834751444444	900.0	0.0	471.755215962958
16	315.44542968888885	900.0	0.0	818.8804671555557
17	315.44542968888885	900.0	0.0	867.3223997055032
18	315.44542968888885	900.0	0.0	1072.0467358548028
19	315.44542968888885	900.0	0.0	871.7909169793128
20	315.44542968888885	900.0	0.0	785.292813638159
21	309.7383665444444	900.0	0.0	611.0015661166365
22	309.7383665444444	900.0	0.0	488.45915848723536
23	309.7383665444444	900.0	0.0	333.41617788292285
24	309.7383665444444	900.0	0.0	341.19309751320594

===== fig10 - Reserve allocation Area 1 (Nordic) plc =====
t	Reserve thermal generators [MW]	Reserve electrolyzers [MW]	Reserve HVDC [MW]	Reserve storage [MW]
1	0.0	0.0	0.0	0.0
2	0.0	0.0	0.0	0.0
3	0.0	0.0	0.0	0.0
4	0.0	0.0	0.0	0.0
5	0.0	0.0	0.0	0.0
6	0.0	0.0	0.0	0.0
7	0.0	0.0	0.0	0.0
8	0.0	0.0	0.0	0.0
9	0.0	0.0	0.0	0.0
10	0.0	0.0	0.0	0.0
11	0.0	0.0	0.0	0.0
12	0.0	0.0	0.0	0.0
13	0.0	0.0	0.0	0.0
14	0.0	0.0	0.0	0.0
15	0.0	0.0	0.0	0.0
16	0.0	0.0	0.0	0.0
17	0.0	0.0	0.0	0.0
18	0.0	0.0	0.0	0.0
19	0.0	0.0	0.0	0.0
20	0.0	0.0	0.0	0.0
21	0.0	0.0	0.0	0.0
22	0.0	0.0	0.0	0.0
23	0.0	0.0	0.0	0.0
24	0.0	0.0	0.0	0.0

===== fig11 - Reserve allocation Area 2 (GB) plg =====
t	Reserve thermal generators [MW]	Reserve electrolyzers [MW]	Reserve HVDC [MW]	Reserve storage [MW]
1	285.6490794035131	719.9963200000002	0.0	792.7743148693903
2	255.90155555555555	719.9963200000002	0.0	824.102124444446
3	215.8908888888889	719.9963200000002	0.0	864.112791111111
4	200.88688888888888	719.9963200000002	0.0	879.1167911111114
5	145.87222222222223	719.9963200000002	0.0	934.131457777778
6	135.86955555555556	629.9967800000002	0.0	1221.3785642444445
7	135.86955555555556	629.9967800000002	0.0	1481.940681844445
8	135.86955555555556	539.9972400000001	0.0	1785.8947530444448
9	135.86955555555556	629.9967800000002	0.0	1846.0854208444443
10	135.86955555555556	629.9967800000002	0.0	1971.4121298444445
11	135.86955555555556	539.9972400000001	0.0	2154.9938377444446
12	135.86955555555556	539.9972400000001	0.0	2268.1181677444442
13	120.86555555555557	539.9972400000001	0.0	2461.2952773444445
14	90.85755555555556	629.9967800000002	0.0	2389.1456644444434
15	90.85755555555556	629.9967800000002	0.0	2389.1456644444434
16	90.85755555555556	629.9967800000002	0.0	2389.1456644444443
17	90.85755555555556	539.9972400000001	0.0	2479.1452044444436
18	90.85755555555556	269.9986200000001	0.0	2749.1438244444444
19	90.85755555555556	629.9967800000002	0.0	2389.1456644444443
20	90.85755555555556	629.9967800000002	0.0	2389.1456644445393
21	90.85755555555556	629.9967800000002	0.0	2389.1456644444434
22	75.85355555555556	629.9967800000002	0.0	2164.149664444444
23	60.84955555555556	539.9972400000001	0.0	2029.1532044444434
24	45.845555555555556	539.9972400000001	0.0	1804.1572044444436

===== fig12 - Reserve allocation Area 2 (GB) plc =====
t	Reserve thermal generators [MW]	Reserve electrolyzers [MW]	Reserve HVDC [MW]	Reserve storage [MW]
1	0.0	0.0	0.0	0.0
2	0.0	0.0	0.0	0.0
3	0.0	0.0	0.0	0.0
4	0.0	0.0	0.0	0.0
5	0.0	0.0	0.0	0.0
6	0.0	0.0	0.0	0.0
7	0.0	0.0	0.0	0.0
8	0.0	0.0	0.0	0.0
9	0.0	0.0	0.0	0.0
10	0.0	0.0	0.0	0.0
11	0.0	0.0	0.0	0.0
12	0.0	0.0	0.0	0.0
13	0.0	0.0	0.0	0.0
14	0.0	0.0	0.0	0.0
15	0.0	0.0	0.0	0.0
16	0.0	0.0	0.0	0.0
17	0.0	0.0	0.0	0.0
18	0.0	0.0	0.0	0.0
19	0.0	0.0	0.0	0.0
20	0.0	0.0	0.0	0.0
21	0.0	0.0	0.0	0.0
22	0.0	0.0	0.0	0.0
23	0.0	0.0	0.0	0.0
24	0.0	0.0	0.0	0.0

===== fig13 - HVDC power flows =====
t	Flow HVDC 1-2 [MW]
1	-0.0
2	-0.0
3	-0.0
4	-0.0
5	-0.0
6	-0.0
7	-0.0
8	-0.0
9	-0.0
10	-0.0
11	-0.0
12	-0.0
13	-0.0
14	-0.0
15	-0.0
16	-0.0
17	-0.0
18	-0.0
19	-0.0
20	-0.0
21	-0.0
22	-0.0
23	-0.0
24	-0.0

===== fig14 - Sum Of Power Flows HVDC Links =====
t	Sum Of Flows 12 [MW]
1	-0.0
2	-0.0
3	-0.0
4	-0.0
5	-0.0
6	-0.0
7	-0.0
8	-0.0
9	-0.0
10	-0.0
11	-0.0
12	-0.0
13	-0.0
14	-0.0
15	-0.0
16	-0.0
17	-0.0
18	-0.0
19	-0.0
20	-0.0
21	-0.0
22	-0.0
23	-0.0
24	-0.0

===== fig15 - Demand without Electrolyzers and BESS =====
t	Total Demand Area 1 (Nordic) [MW]	Total Demand Area 2 (GB) [MW]
1	40579.41694	37500.0
2	50885.3006	37500.0
3	49597.06514	35000.0
4	49597.06514	33750.0
5	53461.77156	31875.0
6	66344.12616	33750.0
7	79226.48078	40000.0
8	89532.36444	48750.0
9	95973.5417	48750.0
10	98550.01264	50000.0
11	98550.01264	51250.0
12	97261.77716	49625.0
13	95973.5417	49750.0
14	94685.30622	49837.5
15	93397.07074	50000.0
16	94685.30622	51250.0
17	95973.5417	58125.0
18	97261.77716	57500.0
19	92108.83538	55000.0
20	81802.95172	54375.0
21	72785.30342	53750.0
22	66344.12616	47500.0
23	59902.94892	41250.0
24	56038.2425	39750.0

===== fig16 - Demand with Electrolyzers and BESS =====
t	Demand Area 1 (Nordic) [MW]	Demand Area 2 (GB) [MW]
1	40683.21692330138	38533.97586206897
2	50987.9994371	38533.79586206897
3	49699.943977099996	36033.97586206897
4	49699.943977099996	34783.97586206897
5	53564.6503971	32908.97586206897
6	66447.0049971	34783.97586206897
7	79329.3596171	41033.97586206897
8	89635.2432771	49783.97586206897
9	96076.4205371	49783.97586206897
10	98652.8914771	51033.97586206897
11	98652.8914771	52283.97586206897
12	97364.6559971	50658.97586206897
13	96076.4205371	50783.97586206897
14	94788.1850571	50871.47586206897
15	93502.8288742	51033.97586206897
16	94788.1850571	52883.97586206897
17	96079.2998342	59158.97586206897
18	97367.5352942	58533.97586206897
19	92214.81573642223	56033.97586206897
20	81905.8305571	55408.97586206897
21	72888.1822571	54298.15586206897
22	66447.0049971	48533.97586206897
23	60005.8277571	42283.97586206897
24	56141.1213371	40783.97586206897

===== fig22 - Flow+Reserve =====
t	-Flow12 + Reserve(lg) Converter 1 [MW]	Flow12 + Reserve(lg) Converter 2 [MW]	-Flow12 + Reserve(lc) Converter 1 [MW]	Flow12 + Reserve(lc) Converter 2 [MW]
1	0.0	0.0	0.0	0.0
2	0.0	0.0	0.0	0.0
3	0.0	0.0	0.0	0.0
4	0.0	0.0	0.0	0.0
5	0.0	0.0	0.0	0.0
6	0.0	0.0	0.0	0.0
7	0.0	0.0	0.0	0.0
8	0.0	0.0	0.0	0.0
9	0.0	0.0	0.0	0.0
10	0.0	0.0	0.0	0.0
11	0.0	0.0	0.0	0.0
12	0.0	0.0	0.0	0.0
13	0.0	0.0	0.0	0.0
14	0.0	0.0	0.0	0.0
15	0.0	0.0	0.0	0.0
16	0.0	0.0	0.0	0.0
17	0.0	0.0	0.0	0.0
18	0.0	0.0	0.0	0.0
19	0.0	0.0	0.0	0.0
20	0.0	0.0	0.0	0.0
21	0.0	0.0	0.0	0.0
22	0.0	0.0	0.0	0.0
23	0.0	0.0	0.0	0.0
24	0.0	0.0	0.0	0.0

===== fig23 - Reserve per converter Area 1 (Nordic) plg =====
t	Reserve Converter 1 [MW]
1	0.0
2	0.0
3	0.0
4	0.0
5	0.0
6	0.0
7	0.0
8	0.0
9	0.0
10	0.0
11	0.0
12	0.0
13	0.0
14	0.0
15	0.0
16	0.0
17	0.0
18	0.0
19	0.0
20	0.0
21	0.0
22	0.0
23	0.0
24	0.0

===== fig24 - Reserve per converter Area 1 (Nordic) plc =====
t	Reserve Converter 1 [MW]
1	0.0
2	0.0
3	0.0
4	0.0
5	0.0
6	0.0
7	0.0
8	0.0
9	0.0
10	0.0
11	0.0
12	0.0
13	0.0
14	0.0
15	0.0
16	0.0
17	0.0
18	0.0
19	0.0
20	0.0
21	0.0
22	0.0
23	0.0
24	0.0

===== fig25 - Reserve per converter Area 2 (GB) plg =====
t	Reserve Converter 2 [MW]
1	0.0
2	0.0
3	0.0
4	0.0
5	0.0
6	0.0
7	0.0
8	0.0
9	0.0
10	0.0
11	0.0
12	0.0
13	0.0
14	0.0
15	0.0
16	0.0
17	0.0
18	0.0
19	0.0
20	0.0
21	0.0
22	0.0
23	0.0
24	0.0

===== fig26 - Reserve per converter Area 2 (GB) plc =====
t	Reserve Converter 2 [MW]
1	0.0
2	0.0
3	0.0
4	0.0
5	0.0
6	0.0
7	0.0
8	0.0
9	0.0
10	0.0
11	0.0
12	0.0
13	0.0
14	0.0
15	0.0
16	0.0
17	0.0
18	0.0
19	0.0
20	0.0
21	0.0
22	0.0
23	0.0
24	0.0

===== fig29 - Power per converter =====
t	Converter 1 AC power [MW]	Converter 2 AC power [MW]
1	0.0	0.0
2	0.0	0.0
3	0.0	0.0
4	0.0	0.0
5	0.0	0.0
6	0.0	0.0
7	0.0	0.0
8	0.0	0.0
9	0.0	0.0
10	0.0	0.0
11	0.0	0.0
12	0.0	0.0
13	0.0	0.0
14	0.0	0.0
15	0.0	0.0
16	0.0	0.0
17	0.0	0.0
18	0.0	0.0
19	0.0	0.0
20	0.0	0.0
21	0.0	0.0
22	0.0	0.0
23	0.0	0.0
24	0.0	0.0

===== fig30 - Failure binary variable (delta hvdc) =====
t	HVDC 1	HVDC 2
1	1.0	1.0
2	1.0	1.0
3	1.0	1.0
4	1.0	1.0
5	1.0	1.0
6	1.0	1.0
7	1.0	1.0
8	1.0	1.0
9	1.0	1.0
10	1.0	1.0
11	1.0	1.0
12	1.0	1.0
13	1.0	1.0
14	1.0	1.0
15	1.0	1.0
16	1.0	1.0
17	1.0	1.0
18	1.0	1.0
19	1.0	1.0
20	1.0	1.0
21	1.0	1.0
22	1.0	1.0
23	1.0	1.0
24	1.0	1.0

===== fig31 - Reserve allocation Area 1 (Nordic) pl reserve =====
t	Reserve thermal generators [MW]	Reserve electrolyzers [MW]	Reserve storage [MW]
1	0.0	0.0	0.0
2	0.0	0.0	0.0
3	0.0	0.0	0.0
4	0.0	0.0	0.0
5	0.0	0.0	0.0
6	0.0	0.0	0.0
7	0.0	0.0	0.0
8	0.0	0.0	0.0
9	0.0	0.0	0.0
10	0.0	0.0	0.0
11	0.0	0.0	0.0
12	0.0	0.0	0.0
13	0.0	0.0	0.0
14	0.0	0.0	0.0
15	0.0	0.0	0.0
16	0.0	0.0	0.0
17	0.0	0.0	0.0
18	0.0	0.0	0.0
19	0.0	0.0	0.0
20	0.0	0.0	0.0
21	0.0	0.0	0.0
22	0.0	0.0	0.0
23	0.0	0.0	0.0
24	0.0	0.0	0.0

===== fig32 - Reserve allocation Area 2 (GB) pl reserve =====
t	Reserve thermal generators [MW]	Reserve electrolyzers [MW]	Reserve storage [MW]
1	0.0	0.0	0.0
2	0.0	0.0	0.0
3	0.0	0.0	0.0
4	0.0	0.0	0.0
5	0.0	0.0	0.0
6	0.0	0.0	0.0
7	0.0	0.0	0.0
8	0.0	0.0	0.0
9	0.0	0.0	0.0
10	0.0	0.0	0.0
11	0.0	0.0	0.0
12	0.0	0.0	0.0
13	0.0	0.0	0.0
14	0.0	0.0	0.0
15	0.0	0.0	0.0
16	0.0	0.0	0.0
17	0.0	0.0	0.0
18	0.0	0.0	0.0
19	0.0	0.0	0.0
20	0.0	0.0	0.0
21	0.0	0.0	0.0
22	0.0	0.0	0.0
23	0.0	0.0	0.0
24	0.0	0.0	0.0

===== fig33 - Procured Inertia Area 1 (Nordic) =====
t	Inertia Area 1 (Nordic) [GW*s]
1	249.86756
2	308.28412000000003
3	308.28412000000003
4	308.28412000000003
5	308.28412000000003
6	319.91156
7	321.20252
8	321.79956
9	325.38888000000003
10	325.38888000000003
11	321.79956
12	321.58652
13	319.91156
14	319.91156
15	321.20252
16	325.38888000000003
17	325.38888000000003
18	325.38888000000003
19	325.38888000000003
20	325.38888000000003
21	319.91156
22	319.91156
23	319.91156
24	319.91156

===== fig34 - Procured Inertia Area 2 (GB) =====
t	Inertia Area 2 (GB) [GW*s]
1	153.75
2	143.75
3	127.75
4	121.75
5	99.75
6	95.75
7	95.75
8	95.75
9	95.75
10	95.75
11	95.75
12	95.75
13	89.75
14	77.75
15	77.75
16	77.75
17	77.75
18	77.75
19	77.75
20	77.75
21	77.75
22	71.75
23	65.75
24	59.75

===== fig35 - Renewable Generation by type Area 1 (Nordic) =====
t	Reservoir Generation [MW]	Wind Generation [MW]	Solar Generation [MW]
1	17652.203133720446	22170.11420803105	0.0
2	26009.25512595969	23743.021336109272	0.0
3	25276.509624358172	23069.541377710786	0.0
4	25871.389319537167	22592.651682531803	0.0
5	28667.505250001494	23661.24217206749	0.0
6	37150.1087726	27616.516166982132	0.0
7	39478.83263887777	30591.81486747533	0.0
8	39838.022439138265	32711.74230671498	0.0
9	39766.55421490777	34105.343866973984	1344.0999998646505
10	39691.01890374442	35311.62512927669	8064.5999991879025
11	40029.36077964322	36412.08480055252	16129.199998375807
12	36675.608961079546	36478.3765015219	22849.69999769906
13	28817.83736206279	39274.86101316878	26880.0448944986
14	28937.86444177721	40506.83514925726	24193.799997563692
15	35163.892831533274	39386.422988258244	17473.29999824045
16	39201.68295882233	44498.18695867068	9408.699999052547
17	41640.28613497736	45992.07624595671	2688.199999729301
18	43278.08082417176	48535.44135264092	0.0
19	41676.03427316783	45356.89085047666	0.0
20	38569.17779707048	42002.113598636686	0.0
21	33738.293507245566	37874.98734094007	0.0
22	29930.403805426256	35119.157375129966	0.0
23	26486.024026512183	31967.316933439753	0.0
24	23904.04387915226	30692.367580429927	0.0

===== fig36 - Renewable Generation by type Area 2 (GB) =====
t	Reservoir Generation [MW]	Wind Generation [MW]	Solar Generation [MW]
1	0.0	22001.863240074003	0.0
2	0.0	23174.54565720721	0.0
3	0.0	22517.190730714196	0.0
4	0.0	22051.719135590392	0.0
5	0.0	23025.990857494206	0.0
6	0.0	26814.137779940407	0.0
7	0.0	30329.9342085932	0.0
8	0.0	33216.848790082804	0.0
9	0.0	35243.38357980719	0.0
10	0.0	36934.432148089196	0.0
11	0.0	38197.14775202338	0.0
12	0.0	39723.548132363394	0.0
13	0.0	42127.65962862419	0.0
14	0.0	45123.1546818074	0.0
15	0.0	48084.08908068618	0.0
16	0.0	51047.66379397578	0.0
17	0.0	52921.0777853318	0.0
18	0.0	53841.8	0.0
19	0.0	51659.34729009559	0.0
20	0.0	47014.399993436164	0.0
21	0.0	42373.3986575404	0.0
22	0.0	39113.1372341654	0.0
23	0.0	35663.75124896979	0.0
24	0.0	32966.278545295005	0.0

===== fig37 - Headroom by Area =====
t	Area 1 (Nordic) [MW]	Area 2 (GB) [MW]
1	36890.186866279546	16106.32114290839
2	43137.274874040304	14837.789481407224
3	43870.02037564184	12673.2345549142
4	43275.14068046284	11957.762959790422
5	40479.02474999852	9307.034681694198
6	34458.80414491316	8850.0
7	24904.402225406306	7485.978032785206
8	16875.436212752582	2732.7397136365234
9	14133.22749620334	3649.42740400718
10	19475.59343289557	4090.475972289187
11	27639.328080098327	4103.191576223406
12	35754.64903892044	7254.5919565634
13	43235.55263793722	8033.703452824197
14	43115.5255582228	6600.0
15	37179.96516846672	6600.0
16	33705.44440849864	6600.0
17	27142.156283911525	6600.0
18	25504.361594717124	6600.0
19	27679.008691428353	6600.0
20	34716.61320292951	6600.0
21	38315.096492754434	6600.0
22	42122.98619457374	5850.0
23	45567.365973487846	5100.0
24	48149.346120847746	4350.0

===== fig38 - Load shedding Area 1 (Nordic) and Area 2 (GB) =====
t	Area 1 (Nordic) [MW]	Area 2 (GB) [MW]
1	0.0	0.0
2	0.0	0.0
3	0.0	0.0
4	0.0	0.0
5	0.0	0.0
6	0.0	0.0
7	0.0	0.0
8	0.0	0.0
9	0.0	0.0
10	0.0	0.0
11	0.0	0.0
12	0.0	0.0
13	0.0	0.0
14	0.0	0.0
15	0.0	0.0
16	0.0	0.0
17	0.0	0.0
18	0.0	0.0
19	0.0	0.0
20	0.0	0.0
21	0.0	0.0
22	0.0	0.0
23	0.0	0.0
24	0.0	0.0

===== fig39 - Reserve lg 2 and power loss reserve 1 =====
t	Reserve lg 2 [MW]	Power loss reserve 1 [MW]
1	0.0	-0.0
2	0.0	-0.0
3	0.0	-0.0
4	0.0	-0.0
5	0.0	-0.0
6	0.0	-0.0
7	0.0	-0.0
8	0.0	-0.0
9	0.0	-0.0
10	0.0	-0.0
11	0.0	-0.0
12	0.0	-0.0
13	0.0	-0.0
14	0.0	-0.0
15	0.0	-0.0
16	0.0	-0.0
17	0.0	-0.0
18	0.0	-0.0
19	0.0	-0.0
20	0.0	-0.0
21	0.0	-0.0
22	0.0	-0.0
23	0.0	-0.0
24	0.0	-0.0

