===== fig1 - Storage and Hydrogen flows Area 1 (Nordic) =====
t	Hydrogen injected [kg/h]	Hydrogen stored [kg]	Hydrogen Electrolyzer [kg/h]	Hydrogen consumed [kg/h]
1	0.0	8275.86	1724.13	0.0
2	0.0	8620.679655172416	1724.13	0.0
3	1724.13	8965.499310344781	1724.13	0.0
4	0.0	7394.618965517197	1724.13	0.0
5	0.0	7739.438620689543	1724.13	0.0
6	0.0	8084.258275861901	1724.13	0.0
7	0.0	8429.077931034259	1724.13	0.0
8	0.0	8773.897586206602	1724.13	0.0
9	0.0	9118.717241378916	1724.13	0.0
10	1724.13	9463.536896551212	1724.13	0.0
11	0.0	7892.656551723518	1724.13	0.0
12	0.0	8237.47620689581	1724.13	0.0
13	0.0	8582.295862068086	1724.13	0.0
14	0.0	8927.115517240347	1724.13	0.0
15	0.0	9271.935172412599	1724.13	0.0
16	0.0	9616.754827584844	1724.13	0.0
17	0.0	9961.574482757129	1724.13	0.0
18	1724.13	10306.394137929425	1724.13	0.0
19	1724.13	8735.513793101725	1724.13	0.0
20	0.0	7164.6334482740485	1724.13	0.0
21	0.0	7509.4531034464635	1724.13	0.0
22	551.5845517241507	7854.272758620703	1724.13	0.0
23	0.0	7586.220689655172	1724.13	0.0
24	0.0	7931.0403448275865	1724.13	0.0

===== fig2 - Storage and Hydrogen flows Area 2 (GB) =====
t	Hydrogen injected [kg/h]	Hydrogen stored [kg]	Hydrogen Electrolyzer [kg/h]	Hydrogen consumed [kg/h]
1	3103.44827586207	0.0	17241.379310344826	0.0
2	3103.44827586207	0.0	17241.379310344826	0.0
3	3103.44827586207	0.0	17241.379310344826	0.0
4	3103.44827586207	0.0	17241.379310344826	0.0
5	3103.44827586207	0.0	17241.379310344826	0.0
6	3103.44827586207	0.0	17241.379310344826	0.0
7	3103.44827586207	0.0	17241.379310344826	0.0
8	3103.44827586207	0.0	17241.379310344826	0.0
9	3103.44827586207	0.0	17241.379310344826	0.0
10	3103.44827586207	0.0	17241.379310344826	0.0
11	3103.44827586207	0.0	17241.379310344826	0.0
12	3103.44827586207	0.0	17241.379310344826	0.0
13	3103.44827586207	0.0	17241.379310344826	0.0
14	3103.44827586207	0.0	17241.379310344826	0.0
15	3103.44827586207	0.0	17241.379310344826	0.0
16	3103.44827586207	0.0	17241.379310344826	0.0
17	3103.44827586207	0.0	17241.379310344826	0.0
18	3103.44827586207	0.0	17241.379310344826	0.0
19	3103.44827586207	0.0	17241.379310344826	0.0
20	3103.44827586207	0.0	17241.379310344826	0.0
21	3103.44827586207	0.0	17241.379310344826	0.0
22	3103.44827586207	0.0	17241.379310344826	0.0
23	3103.44827586207	0.0	17241.379310344826	0.0
24	3103.44827586207	0.0	17241.379310344826	0.0

===== fig3 - Energy and power flows of the storage Area 1 (Nordic) =====
t	charging power [MW]	discharging power [MW]	Energy stored [MWh]
1	600.0	0.0	290.0
2	0.0	0.0	830.0000000000001
3	0.0	0.0	830.0000000000001
4	0.0	486.00000000000125	830.0000000000001
5	0.0	0.0	290.0
6	0.0	0.0	290.0
7	0.0	0.0	290.0
8	0.0	0.0	290.0
9	0.0	0.0	290.0
10	0.0	0.0	290.0
11	0.0	0.0	290.0
12	0.0	0.0	290.0
13	0.0	0.0	290.0
14	0.0	0.0	290.0
15	0.0	0.0	290.0
16	0.0	0.0	290.0
17	0.0	0.0	290.0
18	0.0	0.0	290.0
19	0.0	0.0	290.0
20	0.0	0.0	290.0
21	0.0	0.0	290.0
22	0.0	0.0	290.0
23	0.0	0.0	290.0
24	0.0	0.0	290.0

===== fig4 - Energy and power flows of the storage Area 2 (GB) =====
t	charging power [MW]	discharging power [MW]	Energy stored [MWh]
1	0.0	0.0	290.0
2	0.0	0.0	290.0
3	0.0	0.0	290.0
4	0.0	0.0	290.0
5	0.0	0.0	290.0
6	0.0	0.0	290.0
7	0.0	0.0	290.0
8	0.0	0.0	290.0
9	0.0	0.0	290.0
10	0.0	0.18000000001037186	290.0
11	0.0	0.0	289.79999999999995
12	0.0	0.0	289.79999999999995
13	0.0	0.0	289.79999999999995
14	0.0	0.0	289.79999999999995
15	0.0	0.0	289.79999999999995
16	0.0	0.0	289.79999999999995
17	0.0	0.0	289.79999999999995
18	0.0	0.0	289.79999999999995
19	0.0	0.0	289.79999999999995
20	0.0	0.0	289.79999999999995
21	0.0	0.0	289.79999999999995
22	0.0	0.0	289.79999999999995
23	0.22222222222221255	0.0	289.79999999999995
24	0.0	0.0	290.0

===== fig5 - Generation by unit Area 1 (Nordic) =====
t	Generator 1 [MW]	Generator 2 [MW]	Generator 3 [MW]
1	1400.0001	204.28200000000004	161.5
2	1544.8121932086792	468.1224499152568	161.5
3	1500.9929994806519	204.28200000000004	161.5
4	1469.9647236138533	204.2819999999999	161.5
5	1534.9095496207156	1534.9095496207174	161.5
6	1787.4269297679668	1808.2546722961235	161.5
7	1861.7055576555551	1861.7055576555551	1608.2690388888889
8	1952.3880446412068	1952.3880446412068	1608.2690388888889
9	1805.6152741082897	1805.6152741082897	1608.2690388888889
10	1892.2523337207601	1892.2523337207601	1608.2690388888889
11	1956.944719914486	1956.944719914486	1608.2690388888889
12	1747.2299734776725	1747.2299734776723	161.5
13	1991.9640742055917	204.2819999999999	161.5
14	1945.9558730736294	204.28200000000004	161.5
15	1682.7993630502754	1682.7993630502754	161.5
16	1966.9767669854466	1966.9767669854466	161.5
17	2158.0952933020158	2034.3258968444452	981.8453380147872
18	2348.401421411112	2034.3258968444452	1226.954874698316
19	2092.0329725416286	2034.3258968444452	1608.269038888889
20	1927.0540275375745	1927.0540275375747	161.5
21	1859.738366544434	1859.738366544434	161.5
22	1796.6112382045314	204.2819999999999	161.5
23	1540.4486514300515	204.28200000000004	161.5
24	1416.2252099987331	1416.2252099987331	161.5

===== fig6 - Generation by unit Area 2 (GB) =====
t	Generator 4 [MW]	Generator 5 [MW]	Generator 6 [MW]
1	500.0	0.0	126.07309681000001
2	500.0	0.0	132.792696068
3	500.0	0.0	129.02598002300002
4	500.0	0.0	126.35877657600001
5	500.0	0.0	131.941460723
6	0.0	0.0	153.647959326
7	0.0	0.0	173.79385963800001
8	0.0	0.0	190.33619778200003
9	0.0	0.0	201.948465068
10	0.0	0.0	211.63835939800003
11	0.0	0.0	218.873858721
12	0.0	0.0	227.620300821
13	0.0	0.0	241.396124173
14	0.0	0.0	260.009801181
15	0.0	0.0	278.673133703
16	0.0	0.0	298.400510327
17	0.0	0.0	310.871106467
18	0.0	0.0	317.0
19	0.0	0.0	302.472252014
20	0.0	0.0	271.71428566900005
21	250.0	0.0	242.99219032599999
22	500.0	0.0	224.300483451
23	500.0	0.0	204.438327937
24	500.0	0.0	189.229591675

===== fig7 - Loss of power area 1 (Nordic) =====
t	Loss generator 1 [MW]	Loss converter 1 [MW]	Loss reserve Area 1 [MW]
1	1400.0001	1400.0001	1400.0001000000213
2	1544.8121932086792	1400.0001	1399.9999899999966
3	1500.9929994806519	1400.0001	1500.9929994799784
4	1469.9647236138533	1400.0001	1469.9647236131584
5	1534.9095496207156	1400.0001	1534.9095496208004
6	1808.2546722961235	1400.0001	1799.9999900000007
7	1861.7055576555551	1400.0001	1799.9999900000007
8	1952.3880446412068	1400.0001	1948.7977541523178
9	1805.6152741082897	1400.0001	1805.6152741082897
10	1892.2523337207601	1400.0001	1799.9999900000007
11	1956.944719914486	1400.0001	1956.944719914486
12	1747.2299734776723	1400.0001	1747.2299734776725
13	1991.9640742055917	1400.0001	1799.9999900000007
14	1945.9558730736294	1400.0001	1640.440375999999
15	1682.7993630502754	1400.0001	1682.7993630502754
16	1966.9767669854466	1400.0001	1966.9767669854466
17	2158.0952933020158	1400.0001	1954.1595082575711
18	2348.401421411112	1400.0001	2244.161831026347
19	2092.0329725416286	1400.0001	1950.6204193514247
20	1927.0540275375747	1400.0001	1927.0540275375745
21	1859.738366544434	1400.0001	1859.7383665444443
22	1796.6112382045314	1400.0001	1796.6112382045474
23	1540.4486514300515	1400.0001	1540.4486514300793
24	1416.2252099987331	1400.0001	1399.9999899999993

===== fig8 - Loss of power area 2 (GB) =====
t	Loss generator 2 [MW]	Loss converter 2 [MW]	Loss reserve Area 2 [MW]
1	1400.0001100000209	0.0	9.999997985232767e-6
2	1400.0	0.0	9.999997985232767e-6
3	1500.993009479983	0.0	9.999997985232767e-6
4	1434.9892608	0.0	9.999997985232767e-6
5	1498.3888284	0.0	9.999997985232767e-6
6	1800.0	0.0	9.999997985232767e-6
7	1800.0	0.0	9.999997985232767e-6
8	1800.0	0.0	9.999997985232767e-6
9	1805.6152841082906	0.0	9.999997985232767e-6
10	1800.0	0.0	9.999997985232767e-6
11	1956.9447299144852	0.0	9.999997985232767e-6
12	1747.229983477672	0.0	9.999997985232767e-6
13	1800.0	0.0	9.999997985232767e-6
14	1640.4403859999984	0.0	9.999997985232767e-6
15	1682.7993730502762	0.0	9.999997985232767e-6
16	1966.976776985446	0.0	9.999997985232767e-6
17	1952.002684321624	0.0	9.999997985232767e-6
18	2244.161841026347	0.0	9.999997985232767e-6
19	1950.620429351424	0.0	9.999997985232767e-6
20	1927.0540375375738	0.0	9.999997985232767e-6
21	1859.7383765444333	0.0	9.999997985232767e-6
22	1796.611248204536	0.0	9.999997985232767e-6
23	1540.4486614300786	0.0	9.999997985232767e-6
24	1400.0	0.0	9.999997985232767e-6

===== fig9 - Reserve allocation Area 1 (Nordic) plg =====
t	Reserve thermal generators [MW]	Reserve electrolyzers [MW]	Reserve HVDC [MW]	Reserve storage [MW]
1	290.2061593444445	900.0	0.0	209.7939406555554
2	297.62322003333327	597.1889731753461	0.0	650.0
3	297.62322003333327	553.3697794473186	0.0	650.0
4	297.62322003333327	522.3415035805201	0.0	650.0
5	297.62322003333327	900.0	0.0	337.2863295874669
6	297.62322003333327	900.0	0.0	610.6314522627766
7	311.7055576555555	900.0	0.0	650.0
8	315.44542968888885	900.0	0.0	736.9426149523181
9	315.2958481444444	900.0	0.0	590.3194259638453
10	311.85513919999994	900.0	0.0	680.39719452076
11	311.7055576555555	900.0	0.0	745.2391622589305
12	309.7383665444444	900.0	0.0	537.4916069332279
13	309.7383665444444	900.0	0.0	782.2257076611475
14	309.7383665444444	900.0	0.0	736.2175065291851
15	309.7383665444444	900.0	0.0	473.0609965058308
16	315.44542968888885	900.0	0.0	751.5313372965577
17	315.44542968888885	900.0	0.0	942.6498636131269
18	315.44542968888885	900.0	0.0	1132.9559917222232
19	315.44542968888885	900.0	0.0	876.58754285274
20	315.44542968888885	900.0	0.0	711.6085978486859
21	309.7383665444444	900.0	0.0	650.0
22	309.7383665444444	900.0	0.0	586.8728716601026
23	309.7383665444444	900.0	0.0	330.7102848856175
24	309.7383665444444	900.0	0.0	206.48684345428862

===== fig10 - Reserve allocation Area 1 (Nordic) plc =====
t	Reserve thermal generators [MW]	Reserve electrolyzers [MW]	Reserve HVDC [MW]	Reserve storage [MW]
1	290.2061593444445	900.0	0.0	209.7939406555554
2	286.96471185555555	597.1889731753461	0.0	515.8464149690983
3	209.4035343888889	553.3697794473153	0.0	650.0
4	283.9349874777778	522.3415035805201	0.0	593.7236089416836
5	281.04480029999996	900.0	0.0	218.95529969999998
6	126.78775938888887	900.0	0.0	373.2123406111111
7	0.0	900.0	0.0	500.00009
8	0.0	900.0	0.0	500.00009
9	0.0	900.0	0.0	500.00009
10	0.0	900.0	0.0	500.00009
11	311.7055576555555	900.0	0.0	495.8451238888893
12	304.4706705333333	900.0	0.0	195.52942946666664
13	0.0	900.0	0.0	500.00009
14	0.0	900.0	0.0	500.00009
15	209.18201699999997	900.0	0.0	290.8180829999999
16	0.0	900.0	0.0	500.00009
17	0.0	900.0	0.0	500.00009
18	0.0	900.0	0.0	500.00009
19	0.0	900.0	0.0	500.00009
20	7.821376811111111	900.0	0.0	499.8958327777782
21	3.8955800462086403	900.0	0.0	498.087377604865
22	309.7383665444444	900.0	0.0	190.2617334555556
23	309.73836654444835	900.0	0.0	190.2617334555515
24	302.4252919111111	900.0	0.0	206.48684345428862

===== fig11 - Reserve allocation Area 2 (GB) plg =====
t	Reserve thermal generators [MW]	Reserve electrolyzers [MW]	Reserve HVDC [MW]	Reserve storage [MW]
1	0.0	0.0	1400.0001000000213	0.0
2	9.999999406318238e-6	0.0	1399.9999900000014	0.0
3	0.0	0.0	1500.9929994799836	0.0
4	0.0	0.0	1434.9892508000007	0.0
5	0.0	0.0	1498.3888184000007	0.0
6	0.0	0.0	1799.9999900000007	0.0
7	0.0	0.0	1799.9999900000007	0.0
8	0.0	0.0	1799.9999900000034	0.0
9	0.0	0.0	1805.6152741082897	0.0
10	0.0	0.0	1799.9999900000007	0.0
11	0.0	0.0	1956.9447199144856	0.0
12	0.0	0.0	1747.2299734776725	0.0
13	0.0	0.0	1799.9999900000007	0.0
14	0.0	0.0	1640.440375999999	0.0
15	0.0	0.0	1682.7993630502754	0.0
16	0.0	0.0	1966.9767669854466	0.0
17	0.0	0.0	1952.0026743216245	0.0
18	0.0	0.0	2244.161831026347	0.0
19	0.0	0.0	1950.6204193514247	0.0
20	0.0	0.0	1927.0540275375745	0.0
21	0.0	0.0	1859.738366544434	0.0
22	0.0	0.0	1796.6112382045367	0.0
23	0.0	0.0	1540.448651430079	0.0
24	0.0	0.0	1399.9999900000014	0.0

===== fig12 - Reserve allocation Area 2 (GB) plc =====
t	Reserve thermal generators [MW]	Reserve electrolyzers [MW]	Reserve HVDC [MW]	Reserve storage [MW]
1	0.0	0.0	0.0	0.0
2	0.0	0.0	0.0	0.0
3	0.0	0.0	0.0	0.0
4	0.0	0.0	0.0	0.0
5	0.0	0.0	0.0	0.0
6	0.0	0.0	0.0	0.0
7	0.0	0.0	0.0	0.0
8	0.0	0.0	0.0	0.0
9	0.0	0.0	0.0	0.0
10	0.0	0.0	0.0	0.0
11	0.0	0.0	0.0	0.0
12	0.0	0.0	0.0	0.0
13	0.0	0.0	0.0	0.0
14	0.0	0.0	0.0	0.0
15	0.0	0.0	0.0	0.0
16	0.0	0.0	0.0	0.0
17	0.0	0.0	0.0	0.0
18	0.0	0.0	0.0	0.0
19	0.0	0.0	0.0	0.0
20	0.0	0.0	0.0	0.0
21	0.0	0.0	0.0	0.0
22	0.0	0.0	0.0	0.0
23	0.0	0.0	0.0	0.0
24	0.0	0.0	0.0	0.0

===== fig13 - HVDC power flows =====
t	Flow HVDC 1-2 [MW]
1	-1400.0001
2	-1400.0001
3	-1400.0001
4	-1400.0001
5	-1400.0001
6	-1400.0001
7	-1400.0001
8	-1400.0001
9	-1400.0001
10	-1400.0001
11	-1400.0001
12	-1400.0001
13	-1400.0001
14	-1400.0001
15	-1400.0001
16	-1400.0001
17	-1400.0001
18	-1400.0001
19	-1400.0001
20	-1400.0001
21	-1400.0001
22	-1400.0001
23	-1400.0001
24	-1400.0001

===== fig14 - Sum Of Power Flows HVDC Links =====
t	Sum Of Flows 12 [MW]
1	-1400.0001
2	-1400.0001
3	-1400.0001
4	-1400.0001
5	-1400.0001
6	-1400.0001
7	-1400.0001
8	-1400.0001
9	-1400.0001
10	-1400.0001
11	-1400.0001
12	-1400.0001
13	-1400.0001
14	-1400.0001
15	-1400.0001
16	-1400.0001
17	-1400.0001
18	-1400.0001
19	-1400.0001
20	-1400.0001
21	-1400.0001
22	-1400.0001
23	-1400.0001
24	-1400.0001

===== fig15 - Demand without Electrolyzers and BESS =====
t	Total Demand Area 1 (Nordic) [MW]	Total Demand Area 2 (GB) [MW]
1	40579.41694	37500.0
2	50885.3006	37500.0
3	49597.06514	35000.0
4	49597.06514	33750.0
5	53461.77156	31875.0
6	66344.12616	33750.0
7	79226.48078	40000.0
8	89532.36444	48750.0
9	95973.5417	48750.0
10	98550.01264	50000.0
11	98550.01264	51250.0
12	97261.77716	49625.0
13	95973.5417	49750.0
14	94685.30622	49837.5
15	93397.07074	50000.0
16	94685.30622	51250.0
17	95973.5417	58125.0
18	97261.77716	57500.0
19	92108.83538	55000.0
20	81802.95172	54375.0
21	72785.30342	53750.0
22	66344.12616	47500.0
23	59902.94892	41250.0
24	56038.2425	39750.0

===== fig16 - Demand with Electrolyzers and BESS =====
t	Demand Area 1 (Nordic) [MW]	Demand Area 2 (GB) [MW]
1	41282.2957771	38533.97586206897
2	50988.1794371	38533.97586206897
3	49702.8232742	36033.97586206897
4	49213.943977099996	34783.97586206897
5	53564.6503971	32908.97586206897
6	66447.0049971	34783.97586206897
7	79329.3596171	41033.97586206897
8	89635.2432771	49783.97586206897
9	96076.4205371	49783.97586206897
10	98655.7707742	51033.79586206896
11	98652.8914771	52283.97586206897
12	97364.6559971	50658.97586206897
13	96076.4205371	50783.97586206897
14	94788.1850571	50871.47586206897
15	93499.9495771	51033.97586206897
16	94788.1850571	52283.97586206897
17	96076.4205371	59158.97586206897
18	97367.5352942	58533.97586206897
19	92214.59351420001	56033.97586206897
20	81905.8305571	55408.97586206897
21	72888.1822571	54783.97586206897
22	66447.92614330139	48533.97586206897
23	60005.8277571	42284.19808429119
24	56141.1213371	40783.97586206897

===== fig22 - Flow+Reserve =====
t	-Flow12 + Reserve(lg) Converter 1 [MW]	Flow12 + Reserve(lg) Converter 2 [MW]	-Flow12 + Reserve(lc) Converter 1 [MW]	Flow12 + Reserve(lc) Converter 2 [MW]
1	1400.0001	2.1373125491663814e-11	1400.0001	-1400.0001
2	1400.0001	-0.00010999999858540832	1400.0001	-1400.0001
3	1400.0001	100.99289947998363	1400.0001	-1400.0001
4	1400.0001	34.98915080000074	1400.0001	-1400.0001
5	1400.0001	98.3887184000007	1400.0001	-1400.0001
6	1400.0001	399.99989000000073	1400.0001	-1400.0001
7	1400.0001	399.99989000000073	1400.0001	-1400.0001
8	1400.0001	399.99989000000346	1400.0001	-1400.0001
9	1400.0001	405.6151741082897	1400.0001	-1400.0001
10	1400.0001	399.99989000000073	1400.0001	-1400.0001
11	1400.0001	556.9446199144857	1400.0001	-1400.0001
12	1400.0001	347.2298734776725	1400.0001	-1400.0001
13	1400.0001	399.99989000000073	1400.0001	-1400.0001
14	1400.0001	240.44027599999913	1400.0001	-1400.0001
15	1400.0001	282.7992630502754	1400.0001	-1400.0001
16	1400.0001	566.9766669854466	1400.0001	-1400.0001
17	1400.0001	552.0025743216245	1400.0001	-1400.0001
18	1400.0001	844.1617310263471	1400.0001	-1400.0001
19	1400.0001	550.6203193514248	1400.0001	-1400.0001
20	1400.0001	527.0539275375745	1400.0001	-1400.0001
21	1400.0001	459.73826654443405	1400.0001	-1400.0001
22	1400.0001	396.6111382045367	1400.0001	-1400.0001
23	1400.0001	140.44855143007908	1400.0001	-1400.0001
24	1400.0001	-0.00010999999858540832	1400.0001	-1400.0001

===== fig23 - Reserve per converter Area 1 (Nordic) plg =====
t	Reserve Converter 1 [MW]
1	0.0
2	0.0
3	0.0
4	0.0
5	0.0
6	0.0
7	0.0
8	0.0
9	0.0
10	0.0
11	0.0
12	0.0
13	0.0
14	0.0
15	0.0
16	0.0
17	0.0
18	0.0
19	0.0
20	0.0
21	0.0
22	0.0
23	0.0
24	0.0

===== fig24 - Reserve per converter Area 1 (Nordic) plc =====
t	Reserve Converter 1 [MW]
1	0.0
2	0.0
3	0.0
4	0.0
5	0.0
6	0.0
7	0.0
8	0.0
9	0.0
10	0.0
11	0.0
12	0.0
13	0.0
14	0.0
15	0.0
16	0.0
17	0.0
18	0.0
19	0.0
20	0.0
21	0.0
22	0.0
23	0.0
24	0.0

===== fig25 - Reserve per converter Area 2 (GB) plg =====
t	Reserve Converter 2 [MW]
1	1400.0001000000213
2	1399.9999900000014
3	1500.9929994799836
4	1434.9892508000007
5	1498.3888184000007
6	1799.9999900000007
7	1799.9999900000007
8	1799.9999900000034
9	1805.6152741082897
10	1799.9999900000007
11	1956.9447199144856
12	1747.2299734776725
13	1799.9999900000007
14	1640.440375999999
15	1682.7993630502754
16	1966.9767669854466
17	1952.0026743216245
18	2244.161831026347
19	1950.6204193514247
20	1927.0540275375745
21	1859.738366544434
22	1796.6112382045367
23	1540.448651430079
24	1399.9999900000014

===== fig26 - Reserve per converter Area 2 (GB) plc =====
t	Reserve Converter 2 [MW]
1	0.0
2	0.0
3	0.0
4	0.0
5	0.0
6	0.0
7	0.0
8	0.0
9	0.0
10	0.0
11	0.0
12	0.0
13	0.0
14	0.0
15	0.0
16	0.0
17	0.0
18	0.0
19	0.0
20	0.0
21	0.0
22	0.0
23	0.0
24	0.0

===== fig29 - Power per converter =====
t	Converter 1 AC power [MW]	Converter 2 AC power [MW]
1	1400.0001	-1400.0001
2	1400.0001	-1400.0001
3	1400.0001	-1400.0001
4	1400.0001	-1400.0001
5	1400.0001	-1400.0001
6	1400.0001	-1400.0001
7	1400.0001	-1400.0001
8	1400.0001	-1400.0001
9	1400.0001	-1400.0001
10	1400.0001	-1400.0001
11	1400.0001	-1400.0001
12	1400.0001	-1400.0001
13	1400.0001	-1400.0001
14	1400.0001	-1400.0001
15	1400.0001	-1400.0001
16	1400.0001	-1400.0001
17	1400.0001	-1400.0001
18	1400.0001	-1400.0001
19	1400.0001	-1400.0001
20	1400.0001	-1400.0001
21	1400.0001	-1400.0001
22	1400.0001	-1400.0001
23	1400.0001	-1400.0001
24	1400.0001	-1400.0001

===== fig30 - Failure binary variable (delta hvdc) =====
t	HVDC 1	HVDC 2
1	1.0	1.0
2	1.0	1.0
3	1.0	1.0
4	1.0	1.0
5	1.0	1.0
6	1.0	1.0
7	1.0	1.0
8	1.0	1.0
9	1.0	1.0
10	1.0	1.0
11	1.0	1.0
12	1.0	1.0
13	1.0	1.0
14	1.0	1.0
15	1.0	1.0
16	1.0	1.0
17	1.0	1.0
18	1.0	1.0
19	1.0	1.0
20	1.0	1.0
21	1.0	1.0
22	1.0	1.0
23	1.0	1.0
24	1.0	1.0

===== fig31 - Reserve allocation Area 1 (Nordic) pl reserve =====
t	Reserve thermal generators [MW]	Reserve electrolyzers [MW]	Reserve storage [MW]
1	290.206159344466	900.0	209.7939406555554
2	297.62322003333327	597.1889731746818	650.0
3	297.62322003333327	553.36977944662	650.0
4	297.62322003333327	522.3415035798009	650.0
5	297.62322003333327	900.0	337.2863295874669
6	297.62322003333327	900.0	610.6314522627741
7	311.4835818111111	900.0	650.0
8	311.85513919999994	900.0	736.9426149523177
9	315.2958481444444	900.0	590.3194259638453
10	219.6027954792405	900.0	680.3971945207601
11	311.7055576555555	900.0	745.2391622589305
12	309.7383665444444	900.0	537.4916069332279
13	309.32108863333326	900.0	782.2257076611475
14	233.64549718888884	900.0	736.217506529185
15	309.7383665444444	900.0	473.0609965058308
16	315.44542968888885	900.0	751.5313372965576
17	111.50964464444442	900.0	942.6498636131267
18	283.7835721111111	900.0	1132.9559917222232
19	289.87227866666666	900.0	876.5875428527398
20	315.44542968888885	900.0	711.6085978486858
21	309.7383665444444	900.0	650.0
22	309.7383665444444	900.0	586.8728716601026
23	309.73836654446507	900.0	330.71028488561416
24	309.7383665444444	900.0	190.26162345555502

===== fig32 - Reserve allocation Area 2 (GB) pl reserve =====
t	Reserve thermal generators [MW]	Reserve electrolyzers [MW]	Reserve storage [MW]
1	0.0	0.0	0.0
2	9.999999406318235e-6	0.0	0.0
3	0.0	0.0	0.0
4	0.0	0.0	0.0
5	0.0	0.0	0.0
6	0.0	0.0	0.0
7	0.0	0.0	0.0
8	0.0	0.0	0.0
9	0.0	0.0	0.0
10	0.0	0.0	0.0
11	0.0	0.0	0.0
12	0.0	0.0	0.0
13	0.0	0.0	0.0
14	0.0	0.0	0.0
15	0.0	0.0	0.0
16	0.0	0.0	0.0
17	0.0	0.0	0.0
18	0.0	0.0	0.0
19	0.0	0.0	0.0
20	0.0	0.0	0.0
21	0.0	0.0	0.0
22	0.0	0.0	0.0
23	0.0	0.0	0.0
24	0.0	0.0	0.0

===== fig33 - Procured Inertia Area 1 (Nordic) =====
t	Inertia Area 1 (Nordic) [GW*s]
1	301.16564
2	308.28412000000003
3	308.28412000000003
4	308.28412000000003
5	308.28412000000003
6	308.28412000000003
7	321.79956
8	325.38888000000003
9	325.24532000000005
10	321.94312
11	321.79956
12	319.91156
13	319.91156
14	319.91156
15	319.91156
16	325.38888000000003
17	325.38888000000003
18	325.38888000000003
19	325.38888000000003
20	325.38888000000003
21	319.91156
22	319.91156
23	319.91156
24	319.91156

===== fig34 - Procured Inertia Area 2 (GB) =====
t	Inertia Area 2 (GB) [GW*s]
1	170.0
2	141.75
3	101.75
4	91.75
5	83.75
6	87.75
7	94.95
8	111.75
9	96.0
10	99.75
11	99.75
12	87.6
13	87.35
14	68.0
15	60.0
16	60.0
17	73.75
18	62.0
19	73.75
20	77.75
21	79.75
22	81.75
23	80.95
24	93.75

===== fig35 - Renewable Generation by type Area 1 (Nordic) =====
t	Reservoir Generation [MW]	Wind Generation [MW]	Solar Generation [MW]
1	15931.829311569725	22341.649104784938	0.0
2	24609.25502595968	23743.021336109272	0.0
3	23994.499524358187	23069.541377710782	0.0
4	24471.38921953711	22592.651682531796	0.0
5	27259.303408761793	23590.82246104438	0.0
6	36258.18459584625	27513.548778485492	0.0
7	39485.675546499995	30593.681115008654	0.0
8	40689.736663700955	33136.87578217634	0.0
9	39158.81560929119	33829.09904623917	1344.09999986465
10	39957.84300906314	35452.28739246792	8064.5999991879025
11	40445.17023462263	36664.33138183097	16129.199998375803
12	35912.516448865514	35854.02808243768	22849.69999769906
13	27417.837262062792	39274.86101316878	26880.0448944986
14	27537.86434177725	40506.83514925726	24193.799997563696
15	33827.77779264741	39386.02970768697	17473.29999824045
16	38786.48866023235	43824.69566008071	9408.699999052547
17	42242.90584623835	46745.350885032945	2688.199999729301
18	43765.35487111112	49144.53391131513	0.0
19	41714.407280155254	45404.857109210934	0.0
20	37832.33563917575	41265.27144074196	0.0
21	32026.305936178775	38225.97324589026	0.0
22	27743.0940000435	36004.88079368563	0.0
23	25107.6710704907	31942.96389646391	0.0
24	23581.69381162361	29480.011293899668	0.0

===== fig36 - Renewable Generation by type Area 2 (GB) =====
t	Reservoir Generation [MW]	Wind Generation [MW]	Solar Generation [MW]
1	0.0	21739.520099074045	0.0
2	0.0	22748.981746407208	0.0
3	0.0	22349.39346229418	0.0
4	0.0	21852.415071590392	0.0
5	0.0	22817.881297994205	0.0
6	0.0	26626.892880140407	0.0
7	0.0	29393.956275808003	0.0
8	0.0	32143.95627579999	0.0
9	0.0	33872.34017251206	0.0
10	0.0	34992.740506449	0.0
11	0.0	36711.19656425185	0.0
12	0.0	37194.78009345908	0.0
13	0.0	39206.3463039292	0.0
14	0.0	40737.7122816924	0.0
15	0.0	43209.49400664285	0.0
16	0.0	47174.29512479801	0.0
17	0.0	48650.56434905655	0.0
18	0.0	50887.60920513174	0.0
19	0.0	47602.01800224272	0.0
20	0.0	43635.38446848904	0.0
21	0.0	39684.70704562813	0.0
22	0.0	36951.75596201854	0.0
23	0.0	33283.99178226518	0.0
24	0.0	29226.574643801363	0.0

===== fig37 - Headroom by Area =====
t	Area 1 (Nordic) [MW]	Area 2 (GB) [MW]
1	51435.08068843028	1599.9995599999168
2	44537.27497404033	2800.0
3	45152.03047564182	3796.0279620800684
4	44675.14078046288	4310.0429568
5	41887.22659123823	4056.4446864
6	32888.34540415375	4551.455122858936
7	26468.914572939655	4350.0
8	19570.312965155048	4950.0
9	15274.053158070983	0.0
10	20076.220795066056	3100.0
11	29249.993815878795	3100.0
12	36140.87355113447	961.0800660893119
13	44635.55273793723	3070.0152706042322
14	44515.52565822275	688.2384560000062
15	38225.61220735259	468.80250779889536
16	34499.302339767644	500.0
17	29220.10355908019	3350.0
18	27452.54499752389	250.0
19	29122.17842428918	2850.0
20	35453.45536082424	2574.428191935498
21	40027.08406382124	1920.5707698282101
22	44310.295999956514	2384.848653464882
23	46945.71892950931	4068.223396082688
24	48471.6961883764	6550.0

===== fig38 - Load shedding Area 1 (Nordic) and Area 2 (GB) =====
t	Area 1 (Nordic) [MW]	Area 2 (GB) [MW]
1	0.0	0.0
2	0.0	0.0
3	0.0	0.0
4	0.0	0.0
5	0.0	0.0
6	0.0	0.0
7	0.0	0.0
8	0.0	0.0
9	0.0	0.0
10	0.0	0.0
11	0.0	0.0
12	0.0	0.0
13	0.0	0.0
14	0.0	0.0
15	0.0	0.0
16	0.0	0.0
17	0.0	0.0
18	0.0	0.0
19	0.0	0.0
20	0.0	0.0
21	0.0	0.0
22	0.0	0.0
23	0.0	0.0
24	0.0	0.0

===== fig39 - Reserve lg 2 and power loss reserve 1 =====
t	Reserve lg 2 [MW]	Power loss reserve 1 [MW]
1	1400.0001000000213	1400.0001000000213
2	1399.9999900000014	1399.9999899999966
3	1500.9929994799836	1500.9929994799784
4	1434.9892508000007	1469.9647236131584
5	1498.3888184000007	1534.9095496208004
6	1799.9999900000007	1799.9999900000007
7	1799.9999900000007	1799.9999900000007
8	1799.9999900000034	1948.7977541523178
9	1805.6152741082897	1805.6152741082897
10	1799.9999900000007	1799.9999900000007
11	1956.9447199144856	1956.944719914486
12	1747.2299734776725	1747.2299734776725
13	1799.9999900000007	1799.9999900000007
14	1640.440375999999	1640.440375999999
15	1682.7993630502754	1682.7993630502754
16	1966.9767669854466	1966.9767669854466
17	1952.0026743216245	1954.1595082575711
18	2244.161831026347	2244.161831026347
19	1950.6204193514247	1950.6204193514247
20	1927.0540275375745	1927.0540275375745
21	1859.738366544434	1859.7383665444443
22	1796.6112382045367	1796.6112382045474
23	1540.448651430079	1540.4486514300793
24	1399.9999900000014	1399.9999899999993

